semi-distributed_model/wark_data/dem.asc~
ncols 220
nrows 118
xllcorner 5.916667
yllcorner 49.812500
cellsize 0.000833
NODATA_value -9999
[rows 42 to 83 of 118, columns 94 to 187 of 220]
479 476 472 470 471 475 476 475 476 477 476 476 473 463 459 454 451 449 444 444 443 443 435 416 398 385 364 364 379 407 429 445 450 451 455 455 456 457 456 453 449 446 444 442 439 436 433 430 425 421 418 414 415 413 404 392 375 353 335 320 308 296 284 276 276 279 295 323 354 382 394 396 394 389 384 379 372 360 348 339 334 343 347 350 351 353 358 360 363 366 365 364 361 348
482 481 474 466 461 462 464 465 469 474 477 476 475 475 476 476 472 470 465 463 460 452 438 420 401 384 372 360 367 390 412 422 432 441 445 447 451 453 453 451 448 446 443 440 438 435 432 431 428 425 422 422 423 421 415 405 388 361 338 312 294 276 276 276 280 293 317 343 365 387 397 399 397 391 386 380 374 364 353 345 345 344 349 352 356 360 363 367 372 373 372 368 365 351
479 477 470 463 455 450 446 453 462 470 473 473 473 475 477 478 475 472 470 468 465 457 443 421 399 389 373 357 362 376 393 410 425 436 440 443 445 447 447 445 443 440 439 438 438 434 431 428 426 423 421 420 420 418 415 405 385 355 325 300 278 276 280 297 313 336 355 374 385 394 401 400 398 394 388 382 375 366 355 347 347 353 356 359 364 369 372 374 377 378 375 370 365 355
463 464 461 458 454 448 443 442 452 461 465 464 465 467 469 468 466 465 466 466 463 457 442 430 415 392 373 358 355 363 381 400 417 427 433 436 439 439 439 437 436 435 435 437 436 430 421 421 416 412 412 412 409 409 406 395 374 340 314 287 276 279 303 327 346 364 378 387 395 398 400 401 399 396 390 384 376 368 357 353 352 357 361 365 370 374 377 378 379 378 375 370 363 353
453 457 458 456 452 450 448 442 438 449 450 454 454 457 457 458 458 459 458 459 458 455 448 436 426 409 388 368 355 355 367 385 402 414 424 427 427 427 426 428 429 429 429 433 432 425 417 405 403 399 400 401 399 398 396 386 363 332 306 289 277 291 308 334 357 372 383 386 389 394 397 399 399 396 392 386 379 373 368 364 362 363 366 369 372 376 377 376 375 375 372 366 360 351
447 450 452 450 451 452 451 446 437 430 437 440 441 443 446 449 453 454 453 453 452 450 444 439 431 417 402 387 369 355 355 361 377 392 403 407 407 409 415 420 424 425 424 425 427 419 413 406 395 392 391 392 393 393 390 379 362 338 314 299 279 283 303 328 348 361 370 375 382 386 391 393 395 394 391 388 383 382 380 378 377 375 375 374 375 375 376 373 370 366 364 360 357 351
439 441 444 448 450 452 453 448 440 428 423 423 429 433 435 441 445 447 446 446 447 444 441 437 432 422 409 399 388 377 358 353 355 364 374 379 387 399 410 418 422 423 422 421 420 416 411 406 402 399 388 382 385 383 382 377 364 348 329 312 290 281 290 311 329 342 354 365 374 378 381 385 387 387 386 386 386 386 385 383 383 381 379 377 375 373 370 367 363 357 352 350 350 347
426 435 441 448 450 451 451 447 440 437 429 424 420 418 424 432 435 438 438 441 442 439 437 433 428 422 414 405 396 383 369 358 349 350 357 372 386 399 407 413 417 420 420 419 417 414 411 407 403 398 393 385 373 374 373 372 367 358 344 321 300 281 288 303 313 322 333 344 352 362 370 376 378 380 379 382 385 385 384 383 383 380 377 373 370 367 363 358 354 347 341 339 337 336
417 427 438 445 448 447 447 447 445 441 437 434 428 422 415 418 428 427 430 428 429 427 428 428 425 420 416 408 397 387 373 357 346 341 355 375 392 400 406 410 414 417 417 416 415 411 408 404 399 395 389 384 377 363 362 364 363 361 353 331 303 281 285 292 299 300 302 313 330 350 362 368 372 375 374 375 377 379 380 380 378 376 371 365 360 358 354 350 344 337 329 322 316 310
408 414 425 431 437 441 445 447 446 442 440 437 433 428 420 408 410 418 419 419 416 416 418 419 419 418 415 410 402 391 377 359 342 341 353 377 394 403 405 407 409 410 411 411 410 408 406 400 393 389 384 381 375 370 357 351 355 357 350 336 315 292 281 281 281 281 281 285 307 328 347 351 357 362 366 373 374 375 376 376 373 371 365 359 351 346 344 340 335 330 319 304 298 288
403 399 406 418 425 433 440 443 442 439 438 435 432 428 424 414 400 398 405 406 403 402 404 407 409 410 410 409 404 395 387 375 353 337 344 365 382 391 396 397 400 400 403 405 406 405 403 398 391 382 376 375 371 363 364 356 345 349 347 339 324 304 290 285 281 281 283 298 309 324 328 337 347 358 371 375 374 373 373 372 369 364 358 348 341 336 335 334 329 322 310 311 313 311
412 405 397 400 405 417 423 427 431 434 434 433 430 428 424 416 410 402 397 395 390 382 384 393 396 401 402 401 399 396 392 382 366 344 334 342 359 371 379 381 386 389 392 398 401 402 399 395 388 384 376 368 361 363 361 356 351 338 337 336 325 311 296 284 281 285 292 303 322 335 345 350 357 366 372 375 372 372 370 368 366 361 354 347 342 337 329 325 324 322 326 325 326 324
411 412 405 394 394 396 401 412 417 423 425 425 425 424 424 419 417 415 406 393 385 377 369 373 381 385 387 387 385 382 379 377 366 356 333 333 333 341 353 361 365 373 380 388 393 394 393 391 387 382 377 372 364 355 349 352 344 345 331 323 318 306 296 285 281 281 292 308 328 343 349 355 359 364 365 367 369 370 368 365 362 357 351 347 342 339 337 334 333 331 329 329 326 323
404 409 407 406 395 391 388 391 400 402 411 418 421 423 425 424 423 420 416 409 402 391 381 369 369 372 372 373 371 369 366 361 362 353 347 347 337 331 330 333 342 348 360 369 377 378 381 380 379 377 375 371 366 359 351 341 346 342 338 337 326 320 311 299 288 281 287 304 323 337 342 345 349 353 358 361 363 363 362 359 356 352 348 344 340 338 336 333 329 326 321 318 316 312
390 401 407 407 405 399 390 379 378 392 403 412 416 423 426 425 427 427 425 418 411 405 398 392 379 369 366 365 365 365 364 358 353 353 355 350 344 344 329 326 326 326 326 337 347 357 358 362 364 364 366 366 364 359 354 345 334 334 341 338 333 335 326 309 290 281 287 297 313 321 328 337 344 349 353 355 355 355 354 351 347 342 339 335 332 328 324 321 317 312 310 307 304 300
375 389 398 404 405 402 395 384 376 376 391 403 410 417 422 425 426 427 424 420 414 412 409 403 393 386 381 380 377 375 374 369 366 361 352 346 349 344 342 338 337 337 332 326 326 326 337 346 349 351 354 358 359 359 354 348 341 330 323 326 334 333 327 311 291 281 282 290 301 312 326 337 347 349 349 349 346 345 343 342 338 332 327 322 318 315 311 307 304 301 299 297 293 288
359 376 388 397 402 404 397 392 384 376 376 389 400 410 417 420 419 418 417 416 413 410 409 405 401 397 395 391 388 386 382 378 375 373 367 361 349 347 343 339 336 335 334 331 329 328 320 324 331 336 340 345 350 352 352 349 343 339 326 319 312 316 315 303 292 287 281 281 291 306 322 334 345 347 344 341 336 333 330 329 325 319 312 306 301 297 293 290 286 288 287 287 285 278
347 356 371 383 392 397 397 393 389 380 372 378 390 401 408 412 413 412 412 409 407 405 404 404 403 400 397 394 393 391 388 386 381 379 374 369 364 356 348 342 336 332 326 331 332 331 327 317 315 317 322 329 335 339 344 344 344 340 336 329 315 303 300 299 297 293 290 288 281 293 310 325 334 337 333 329 324 321 318 316 313 308 302 296 290 283 276 271 269 270 270 273 271 267
358 346 351 363 376 383 387 389 386 379 368 371 380 392 398 403 405 408 408 405 401 398 397 396 396 395 394 394 393 392 390 388 386 383 379 377 373 369 361 350 342 334 322 324 328 328 321 321 317 311 309 311 316 322 330 333 337 339 338 334 328 324 318 313 309 306 304 295 286 281 291 304 317 319 317 313 310 308 308 309 310 307 299 292 286 278 269 261 258 255 252 250 252 254
369 356 345 345 354 369 372 378 380 375 363 365 371 380 386 389 392 395 396 392 389 389 388 388 389 391 392 391 390 389 387 386 385 382 380 378 378 376 372 363 355 346 332 320 320 320 320 314 311 311 309 305 304 307 309 314 322 327 331 334 335 331 326 319 314 310 307 298 289 284 281 285 293 299 300 299 300 302 305 307 307 302 294 289 282 276 269 264 257 252 245 239 239 239
378 366 355 347 345 345 354 363 367 361 363 355 355 364 368 371 377 381 381 382 383 383 382 384 384 384 385 386 386 385 384 382 381 378 376 373 372 373 370 367 364 357 348 343 331 327 326 324 323 322 320 314 310 302 298 297 301 307 315 321 324 324 322 318 312 306 302 295 289 285 282 281 281 288 291 291 297 300 304 307 304 296 287 280 276 271 266 262 255 245 243 242 239 237
389 383 378 367 356 349 345 345 344 355 356 353 355 348 350 358 362 368 374 376 379 378 380 383 384 381 378 379 379 379 377 376 376 374 371 368 365 362 363 362 362 360 357 353 348 344 342 340 338 336 333 328 321 314 307 301 295 295 297 303 310 313 312 308 304 299 295 292 288 285 283 282 284 283 287 295 296 303 305 306 302 291 281 272 266 262 257 254 252 246 253 255 251 247
397 393 387 383 378 371 362 354 347 341 344 354 354 345 344 342 351 358 365 368 369 369 373 375 378 375 373 372 370 372 370 371 371 369 366 364 362 359 355 354 355 356 356 355 353 350 348 347 345 344 341 335 330 323 318 312 304 299 293 291 294 297 297 297 296 293 291 288 286 283 283 283 285 288 291 294 304 308 310 307 300 288 272 265 260 255 254 255 257 265 270 271 267 261
385 383 383 383 382 380 374 368 361 350 341 340 338 341 335 336 338 350 356 359 361 360 362 363 366 368 368 368 366 363 362 363 363 362 362 361 359 357 354 351 348 347 347 347 347 346 344 343 341 340 339 336 331 327 324 318 312 304 298 295 291 291 291 291 291 289 288 286 283 283 284 285 287 289 295 300 307 312 314 307 296 283 273 267 264 267 273 276 281 285 291 294 286 280
373 372 370 369 374 374 373 369 360 350 351 345 340 333 332 328 330 338 346 351 353 352 352 354 358 361 362 364 363 362 360 357 354 354 355 354 354 353 352 349 346 341 337 336 335 336 333 333 332 330 329 327 325 324 321 317 311 304 300 297 293 292 291 291 289 288 286 285 285 285 286 287 289 294 299 305 312 317 316 308 294 283 274 274 284 294 299 301 304 309 310 310 303 299
372 371 368 363 360 361 361 357 354 351 352 350 345 343 339 334 326 329 329 337 341 344 346 350 350 351 354 358 360 360 358 354 350 348 345 344 344 344 344 344 341 338 333 330 327 325 323 322 320 318 316 314 314 313 313 310 306 302 301 297 294 292 291 291 289 287 287 286 287 288 289 293 298 303 309 316 323 326 323 312 298 289 287 293 302 312 317 319 323 323 324 321 317 313
380 378 374 369 360 359 358 355 354 362 365 364 359 351 347 340 334 326 323 322 325 331 337 341 341 341 347 350 353 353 352 349 346 345 343 338 334 332 333 334 333 330 327 325 323 320 318 314 312 310 307 305 305 305 305 302 302 299 298 294 291 291 290 290 289 287 286 287 290 296 301 306 312 317 323 328 331 332 328 319 308 301 304 308 316 324 331 338 341 344 342 337 335 328
391 387 384 376 369 361 359 361 367 370 372 371 367 358 349 342 337 336 336 328 321 321 321 325 326 328 335 339 343 343 340 339 341 340 339 333 330 327 326 325 323 323 322 319 317 314 312 311 310 308 306 303 301 299 299 298 297 295 292 290 290 290 290 290 291 292 294 300 302 307 313 319 324 329 334 340 343 344 336 327 321 317 319 325 331 336 341 347 -9999 -9999 -9999 -9999 -9999 -9999
404 399 392 384 376 369 371 376 377 375 373 367 365 358 350 344 343 346 345 340 335 331 325 320 316 315 314 321 326 326 327 326 328 326 324 321 321 319 319 319 321 321 321 319 315 312 309 308 306 304 302 300 297 295 293 293 292 290 290 290 290 290 291 294 295 300 306 311 317 322 325 330 334 340 346 354 361 363 356 341 332 329 329 -9999 -9999 -9999 -9999 -9999 -9999 -9999 -9999 -9999 -9999 -9999
409 404 398 389 383 385 386 389 389 384 377 368 359 355 351 348 352 349 349 346 344 340 337 333 328 321 318 312 313 313 313 313 312 310 309 310 311 312 312 314 314 315 316 314 311 310 309 308 304 301 298 296 295 294 292 292 290 290 290 291 293 294 297 301 305 310 317 322 328 333 338 343 348 356 364 369 371 373 363 355 -9999 -9999 -9999 -9999 -9999 -9999 -9999 -9999 -9999 -9999 -9999 -9999 -9999 -9999
408 405 401 396 394 395 398 397 394 388 382 373 364 359 356 357 357 358 357 355 352 350 345 342 335 330 326 322 311 308 307 306 306 306 306 305 305 305 306 308 308 307 307 306 305 305 305 304 302 300 298 295 293 292 291 290 290 291 292 295 299 304 309 313 318 322 326 332 340 346 353 361 367 370 371 -9999 -9999 -9999 -9999 -9999 -9999 -9999 -9999 -9999 -9999 -9999 -9999 -9999 -9999 -9999 -9999 -9999 -9999 -9999
405 402 398 394 390 388 391 390 389 384 380 376 368 363 362 362 362 362 360 357 355 352 349 344 338 334 331 325 320 318 315 314 312 306 303 302 302 302 302 302 302 302 302 301 299 299 298 300 298 298 296 293 292 291 290 291 292 293 298 302 308 313 319 324 328 333 341 346 354 364 373 376 376 -9999 -9999 -9999 -9999 -9999 -9999 -9999 -9999 -9999 -9999 -9999 -9999 -9999 -9999 -9999 -9999 -9999 -9999 -9999 -9999 -9999
403 398 390 384 378 375 374 374 374 371 371 369 366 365 366 365 363 361 359 355 354 352 349 343 339 336 332 330 328 326 324 321 319 316 313 308 307 305 303 302 302 301 300 298 297 297 297 297 296 295 293 291 290 290 291 294 300 305 310 314 319 324 329 334 340 348 355 366 370 375 381 -9999 -9999 -9999 -9999 -9999 -9999 -9999 -9999 -9999 -9999 -9999 -9999 -9999 -9999 -9999 -9999 -9999 -9999 -9999 -9999 -9999 -9999 -9999
401 396 390 378 373 369 366 366 362 362 362 362 363 366 363 361 359 355 354 354 352 349 346 342 339 338 336 336 334 332 331 326 325 322 319 315 312 310 308 305 303 301 299 297 298 298 296 295 295 293 290 290 290 293 301 308 314 317 320 325 329 333 338 344 352 361 371 376 379 381 -9999 -9999 -9999 -9999 -9999 -9999 -9999 -9999 -9999 -9999 -9999 -9999 -9999 -9999 -9999 -9999 -9999 -9999 -9999 -9999 -9999 -9999 -9999 -9999
397 391 389 388 381 377 373 365 358 354 355 355 358 360 358 352 348 347 348 349 348 344 343 340 338 337 337 338 337 335 333 331 331 327 325 321 317 313 311 308 307 304 301 299 298 298 297 296 295 294 294 295 300 304 312 318 324 327 331 335 340 345 353 360 368 371 376 381 -9999 -9999 -9999 -9999 -9999 -9999 -9999 -9999 -9999 -9999 -9999 -9999 -9999 -9999 -9999 -9999 -9999 -9999 -9999 -9999 -9999 -9999 -9999 -9999 -9999 -9999
391 396 399 398 391 383 379 373 364 356 350 351 353 351 349 344 341 338 338 341 340 337 337 335 333 332 333 334 333 332 332 333 332 334 330 326 321 315 310 309 307 305 303 301 299 297 296 295 295 296 299 304 309 314 322 328 332 337 341 348 358 365 369 373 376 379 382 -9999 -9999 -9999 -9999 -9999 -9999 -9999 -9999 -9999 -9999 -9999 -9999 -9999 -9999 -9999 -9999 -9999 -9999 -9999 -9999 -9999 -9999 -9999 -9999 -9999 -9999 -9999
399 398 401 400 396 388 381 372 361 353 351 350 353 352 345 342 338 335 334 333 332 329 329 327 327 327 327 327 328 327 328 329 332 334 330 325 320 314 309 306 304 303 301 300 297 295 295 295 295 299 305 311 320 328 335 341 346 358 369 372 375 380 384 386 383 -9999 -9999 -9999 -9999 -9999 -9999 -9999 -9999 -9999 -9999 -9999 -9999 -9999 -9999 -9999 -9999 -9999 -9999 -9999 -9999 -9999 -9999 -9999 -9999 -9999 -9999 -9999 -9999 -9999
396 395 395 396 395 388 378 367 355 349 345 345 346 345 339 337 334 331 330 329 327 326 326 324 322 321 321 321 322 322 322 325 329 328 325 320 313 308 305 303 302 300 298 297 295 295 295 295 299 305 312 321 331 338 344 355 370 376 383 384 385 385 -9999 -9999 -9999 -9999 -9999 -9999 -9999 -9999 -9999 -9999 -9999 -9999 -9999 -9999 -9999 -9999 -9999 -9999 -9999 -9999 -9999 -9999 -9999 -9999 -9999 -9999 -9999 -9999 -9999 -9999 -9999 -9999
383 382 385 387 385 383 375 361 350 342 339 339 339 337 332 330 329 327 326 324 321 323 322 322 321 321 320 318 317 316 317 320 323 322 317 311 307 305 303 302 299 297 297 295 295 295 296 299 304 310 320 329 338 347 365 372 379 384 385 -9999 -9999 -9999 -9999 -9999 -9999 -9999 -9999 -9999 -9999 -9999 -9999 -9999 -9999 -9999 -9999 -9999 -9999 -9999 -9999 -9999 -9999 -9999 -9999 -9999 -9999 -9999 -9999 -9999 -9999 -9999 -9999 -9999 -9999 -9999
371 374 376 380 383 380 371 362 356 351 347 346 340 337 334 331 328 325 323 321 321 321 320 318 318 318 318 317 316 314 314 314 314 313 310 305 303 302 302 301 299 297 296 295 295 297 301 303 309 317 327 337 352 366 373 381 385 -9999 -9999 -9999 -9999 -9999 -9999 -9999 -9999 -9999 -9999 -9999 -9999 -9999 -9999 -9999 -9999 -9999 -9999 -9999 -9999 -9999 -9999 -9999 -9999 -9999 -9999 -9999 -9999 -9999 -9999 -9999 -9999 -9999 -9999 -9999 -9999 -9999
363 369 373 377 379 375 368 362 359 357 354 353 350 348 346 342 339 335 331 328 325 322 320 318 315 314 315 315 315 313 310 309 309 307 304 302 300 301 300 300 299 299 298 298 301 302 305 308 315 322 332 345 365 372 380 382 -9999 -9999 -9999 -9999 -9999 -9999 -9999 -9999 -9999 -9999 -9999 -9999 -9999 -9999 -9999 -9999 -9999 -9999 -9999 -9999 -9999 -9999 -9999 -9999 -9999 -9999 -9999 -9999 -9999 -9999 -9999 -9999 -9999 -9999 -9999 -9999 -9999 -9999
351 357 361 364 363 364 359 357 356 355 354 352 350 349 346 343 341 337 336 333 329 325 321 317 314 312 311 312 311 310 307 306 305 304 302 300 300 300 301 301 300 300 302 306 310 312 315 316 321 329 339 356 369 376 378 -9999 -9999 -9999 -9999 -9999 -9999 -9999 -9999 -9999 -9999 -9999 -9999 -9999 -9999 -9999 -9999 -9999 -9999 -9999 -9999 -9999 -9999 -9999 -9999 -9999 -9999 -9999 -9999 -9999 -9999 -9999 -9999 -9999 -9999 -9999 -9999 -9999 -9999 -9999
