semi-distributed_model/wark_data/dem.asc~
ncols 220
nrows 118
xllcorner 5.916667
yllcorner 49.812500
cellsize 0.000833
NODATA_value -9999
[rows 42 to 83 of 118, columns 0 to 93 of 220]
-9999 -9999 -9999 -9999 -9999 -9999 -9999 -9999 -9999 -9999 -9999 -9999 -9999 -9999 510 510 509 506 503 501 500 501 505 507 507 507 506 506 502 493 482 484 489 495 498 501 502 500 492 487 478 475 485 491 491 492 492 492 494 495 495 493 492 488 487 485 484 485 488 489 490 489 485 483 481 477 474 467 457 446 438 430 419 410 402 405 415 432 444 453 454 447 439 444 450 450 450 454 461 467 471 475 478 478
-9999 -9999 -9999 -9999 -9999 -9999 -9999 -9999 -9999 -9999 -9999 -9999 -9999 -9999 -9999 507 505 502 498 495 496 497 503 505 505 503 502 499 491 480 478 483 489 492 496 497 497 493 485 473 468 476 488 491 492 490 489 490 490 491 489 487 481 478 472 472 475 481 487 490 492 492 492 492 490 487 482 475 466 460 450 442 431 423 411 401 397 407 422 434 438 435 428 421 427 436 443 448 454 461 465 473 477 480
-9999 -9999 -9999 -9999 -9999 -9999 -9999 -9999 -9999 -9999 -9999 -9999 -9999 -9999 -9999 -9999 501 499 494 490 488 490 495 496 499 500 500 497 487 472 464 473 480 486 488 489 490 486 476 463 460 478 487 489 489 487 483 480 482 481 479 471 466 459 465 471 480 485 491 494 496 498 497 496 492 489 485 482 477 471 463 455 447 437 428 411 400 390 396 407 410 408 402 411 425 437 446 449 450 455 462 469 474 477
-9999 -9999 -9999 -9999 -9999 -9999 -9999 -9999 -9999 -9999 -9999 -9999 -9999 -9999 -9999 -9999 499 497 494 491 484 481 481 487 491 493 494 492 482 470 453 457 466 472 475 476 477 474 464 454 454 475 483 485 485 485 482 475 468 464 465 457 450 455 465 478 484 489 493 496 498 498 496 492 489 485 483 482 480 476 470 462 454 444 431 422 408 396 387 388 389 395 395 414 431 445 452 453 451 446 449 455 459 461
-9999 -9999 -9999 -9999 -9999 -9999 -9999 -9999 -9999 -9999 -9999 -9999 -9999 -9999 -9999 -9999 498 499 499 496 493 483 475 471 474 477 477 477 471 462 451 446 445 449 453 455 455 451 445 440 455 473 483 485 483 484 480 474 459 452 445 442 442 450 466 479 486 489 490 490 491 492 491 487 481 472 475 476 477 475 470 463 455 447 439 430 417 405 394 387 383 383 397 419 437 449 455 455 450 443 437 438 444 448
-9999 -9999 -9999 -9999 -9999 -9999 -9999 -9999 -9999 -9999 -9999 -9999 -9999 -9999 -9999 -9999 -9999 501 501 499 495 486 475 467 460 459 458 457 454 454 446 443 436 433 431 431 430 428 428 435 448 464 475 479 478 478 477 473 460 443 435 427 434 445 458 470 476 478 475 475 480 485 484 481 474 464 463 465 468 470 469 464 457 451 444 435 425 414 402 393 386 383 394 415 431 439 444 442 441 440 440 437 438 442
-9999 -9999 -9999 -9999 -9999 -9999 -9999 -9999 -9999 -9999 -9999 -9999 -9999 -9999 -9999 -9999 499 500 498 495 489 481 471 463 456 456 456 456 452 447 448 445 445 443 440 435 432 427 418 421 429 440 449 454 456 457 459 461 456 453 447 434 423 430 440 448 451 455 460 466 474 481 482 478 471 460 448 452 455 461 464 462 457 452 445 438 430 418 408 397 385 381 385 400 412 414 417 425 434 441 442 439 435 434
-9999 -9999 -9999 -9999 -9999 -9999 -9999 -9999 -9999 -9999 -9999 -9999 -9999 -9999 -9999 497 497 495 493 488 482 472 466 460 466 469 470 471 470 470 469 468 467 465 461 455 446 438 428 418 416 416 419 421 420 423 432 440 446 452 450 444 427 417 424 430 442 452 457 462 469 475 476 475 468 457 441 438 444 451 454 453 450 445 439 431 424 415 407 395 385 381 381 381 384 394 401 415 431 441 444 441 431 428
-9999 -9999 -9999 -9999 -9999 -9999 -9999 -9999 -9999 -9999 -9999 -9999 -9999 -9999 494 494 494 490 484 479 470 466 463 473 478 481 483 483 484 483 481 479 476 470 465 459 451 439 432 426 417 411 408 407 407 402 401 410 424 434 438 435 425 409 414 425 435 441 448 454 458 465 469 469 466 457 441 427 429 435 437 435 433 426 420 416 409 406 399 391 390 392 390 381 377 375 389 407 425 440 445 443 431 420
-9999 -9999 -9999 -9999 -9999 -9999 -9999 -9999 -9999 -9999 -9999 -9999 -9999 -9999 490 490 486 481 475 468 465 465 474 477 484 485 485 485 484 482 479 476 471 462 456 446 441 434 431 429 430 427 423 421 415 410 400 399 399 408 412 415 407 398 406 413 419 423 430 439 447 455 460 463 462 457 446 431 419 419 420 420 414 410 404 401 401 401 404 409 413 413 412 405 393 379 375 391 415 431 440 440 433 414
-9999 -9999 -9999 -9999 -9999 -9999 -9999 -9999 -9999 -9999 -9999 -9999 -9999 487 488 486 481 475 470 466 474 476 480 481 482 482 479 475 473 470 468 465 458 449 444 441 441 451 453 452 446 439 433 428 425 420 414 410 402 399 396 395 392 390 390 394 398 407 417 426 437 446 454 458 460 457 451 444 438 427 417 414 414 421 421 423 419 424 430 432 431 430 427 420 407 388 372 376 395 414 426 432 429 420
-9999 -9999 -9999 -9999 -9999 -9999 -9999 -9999 -9999 -9999 -9999 -9999 486 486 484 481 476 471 468 475 478 481 481 479 476 473 467 461 457 454 453 450 450 445 447 456 457 460 460 456 450 440 433 430 430 429 425 421 418 416 414 406 401 400 394 389 389 389 404 417 428 441 451 456 459 460 458 456 451 446 441 439 437 440 442 441 444 442 445 447 446 442 437 429 419 401 381 364 373 390 406 416 420 413
-9999 -9999 -9999 -9999 -9999 -9999 -9999 -9999 -9999 -9999 -9999 -9999 486 483 480 475 473 468 474 478 482 480 478 474 467 460 454 451 448 448 448 448 447 456 462 466 468 466 459 452 444 436 436 440 443 444 443 441 436 431 427 421 417 414 413 410 402 391 389 407 422 439 449 453 454 457 457 457 456 454 453 451 451 452 452 452 454 456 458 457 454 449 441 435 424 411 395 374 360 366 378 393 402 407
-9999 -9999 -9999 -9999 -9999 -9999 -9999 -9999 -9999 -9999 -9999 488 484 480 472 472 472 479 480 483 484 481 476 468 460 451 448 448 448 448 448 449 458 462 468 472 475 468 459 449 440 443 453 461 462 461 460 458 452 448 440 435 431 427 422 418 408 398 389 393 414 433 443 450 452 451 451 451 450 448 446 446 446 446 448 451 454 459 461 459 454 447 440 433 425 413 401 389 373 360 359 365 379 392
-9999 -9999 -9999 -9999 -9999 -9999 -9999 -9999 -9999 -9999 496 489 483 474 478 483 487 490 491 491 488 483 476 466 456 449 448 448 448 449 450 459 464 468 473 477 476 470 458 449 454 460 464 470 471 472 469 467 463 459 452 444 439 432 423 413 407 400 389 389 402 422 434 444 449 449 444 441 438 434 431 428 427 429 434 442 448 454 455 454 449 442 432 423 416 409 401 393 385 378 370 359 362 374
-9999 -9999 -9999 -9999 -9999 -9999 -9999 -9999 501 499 496 488 481 476 483 489 495 497 499 499 496 489 482 475 468 453 448 448 448 450 458 464 470 477 483 484 482 475 467 469 467 472 476 480 480 480 478 476 473 470 462 450 441 433 429 428 424 416 403 389 391 409 426 437 442 443 436 429 421 414 409 403 406 414 423 431 439 447 449 450 447 440 428 418 408 400 398 393 391 387 377 364 354 358
-9999 -9999 -9999 -9999 -9999 -9999 -9999 504 499 496 491 485 478 481 485 494 498 500 503 503 501 497 492 486 477 468 463 460 462 465 471 477 483 489 492 492 489 486 484 482 484 485 485 487 488 488 486 483 480 476 467 459 452 446 442 438 431 419 401 390 389 394 407 420 428 426 420 411 404 390 386 390 397 413 427 433 440 446 449 450 446 441 435 428 420 412 400 390 382 381 375 370 359 348
-9999 -9999 -9999 -9999 509 507 505 502 497 492 488 484 480 485 489 492 496 499 504 509 510 506 501 494 487 481 478 479 481 484 487 491 494 494 494 492 489 487 487 487 486 487 488 487 488 488 487 485 482 477 473 468 463 458 450 441 431 416 398 387 380 380 384 393 401 399 394 388 379 377 371 375 390 409 428 436 440 444 448 448 446 444 440 435 428 419 411 402 401 398 394 385 373 358
-9999 -9999 513 511 509 506 501 497 494 491 488 482 486 488 491 492 492 496 503 509 510 512 510 506 500 498 497 496 497 498 498 499 498 496 492 488 484 480 478 478 479 479 479 480 481 482 483 483 481 478 476 473 468 463 455 445 435 425 416 406 397 389 380 380 380 380 380 380 384 380 370 365 380 405 425 434 436 438 440 441 441 441 441 436 432 427 421 417 415 412 401 392 379 369
-9999 -9999 -9999 509 506 503 498 495 494 492 487 490 489 492 493 494 491 491 493 499 503 508 510 512 510 508 508 507 505 503 501 500 498 494 490 486 479 475 471 467 468 468 468 469 471 476 478 478 476 474 473 470 468 465 459 452 446 441 436 426 417 408 404 404 401 402 405 407 401 394 377 365 370 391 411 418 422 425 429 432 438 443 445 441 436 431 426 422 419 414 407 393 384 377
-9999 -9999 -9999 507 503 501 496 492 492 492 495 496 496 493 492 490 489 489 487 489 493 499 505 507 507 508 507 506 505 504 502 497 494 491 488 486 484 481 476 470 461 459 458 460 464 469 473 472 469 464 463 462 464 463 461 459 456 452 446 442 439 438 436 433 432 429 428 426 420 407 388 369 365 377 392 401 410 419 425 432 437 439 441 438 433 428 423 420 418 414 406 402 395 387
-9999 -9999 -9999 509 511 509 504 501 497 496 498 500 499 494 486 481 479 479 477 479 483 490 495 498 499 499 500 501 502 502 500 494 491 487 486 487 485 482 476 470 464 452 451 450 455 460 463 463 460 455 450 454 456 460 462 463 462 459 458 457 455 453 450 448 443 439 434 430 420 410 395 378 364 362 377 390 404 419 427 431 432 433 430 427 424 420 416 414 412 410 411 408 401 395
-9999 -9999 -9999 -9999 513 513 511 511 509 509 506 504 500 495 486 475 469 467 466 463 471 479 483 486 489 493 495 495 497 497 493 488 482 481 484 485 484 481 477 472 465 459 447 441 441 448 451 454 453 449 443 442 447 454 458 460 460 460 459 458 456 454 451 447 442 436 431 424 418 408 397 387 373 361 364 380 400 415 422 424 423 422 421 421 418 415 410 406 405 406 407 406 401 398
-9999 -9999 -9999 -9999 515 516 521 520 519 517 513 509 503 498 489 481 471 464 464 462 455 462 469 475 483 489 492 493 492 487 482 474 473 478 481 484 482 482 479 476 471 464 458 447 438 432 439 442 444 440 431 431 433 440 445 448 448 449 450 451 451 449 447 445 439 433 427 422 416 409 402 393 381 367 360 366 388 403 409 411 413 411 411 409 411 408 406 399 396 399 398 394 391 387
-9999 -9999 511 510 509 512 516 516 516 516 513 510 505 501 495 487 481 481 474 468 459 450 458 466 477 484 488 489 488 485 476 463 469 476 478 480 482 483 483 480 475 472 468 460 454 437 432 432 432 430 428 415 417 418 425 428 432 439 443 444 445 445 444 441 437 431 426 425 420 412 404 396 387 375 360 360 375 391 398 398 399 400 400 403 404 405 404 403 400 392 391 382 376 375
-9999 513 509 503 500 497 498 504 506 509 511 508 506 502 498 499 497 495 489 480 468 456 448 458 468 474 478 479 480 477 466 457 465 471 474 476 481 483 485 484 481 479 477 473 466 454 447 437 438 436 432 419 404 404 402 413 421 431 438 442 442 441 439 437 434 432 427 427 423 417 413 406 398 385 371 360 362 374 381 382 384 389 397 401 402 403 405 406 402 396 385 379 377 373
-9999 515 510 502 500 496 492 489 493 503 503 505 504 504 505 506 506 504 499 491 480 469 456 448 455 459 460 463 464 460 453 450 463 468 472 475 480 486 489 486 483 481 480 479 476 468 461 458 452 446 439 429 421 410 403 396 410 422 430 434 436 434 430 430 431 430 429 424 421 421 417 414 406 395 382 371 360 360 363 374 374 382 395 400 398 399 402 406 403 398 393 390 385 382
-9999 520 516 513 507 498 491 486 483 485 491 494 500 503 505 509 509 507 503 496 489 481 470 456 447 445 444 443 443 441 440 454 462 469 474 479 483 487 489 487 485 482 482 480 478 472 468 465 460 452 443 437 429 421 410 394 396 400 409 414 417 415 418 421 424 425 425 426 422 417 415 414 407 400 390 381 373 360 355 353 361 375 383 388 390 393 398 405 410 407 401 397 394 391
524 521 520 520 515 507 499 489 482 474 478 487 495 500 507 508 509 506 502 496 494 489 481 473 460 452 443 435 430 428 437 445 453 462 471 478 481 484 484 484 484 487 484 480 475 469 465 462 456 447 439 433 427 421 411 403 394 392 391 393 393 397 401 404 409 414 419 423 420 416 411 408 404 400 396 390 381 372 368 358 350 355 367 374 380 385 392 403 411 410 409 407 406 408
-9999 517 517 516 515 509 500 493 483 474 471 485 497 506 509 509 506 503 499 493 491 490 485 479 473 470 464 453 442 433 428 436 443 452 462 470 475 477 479 479 482 485 483 478 473 464 458 454 447 438 430 422 420 418 413 412 408 404 398 389 383 381 381 387 392 402 411 413 412 409 404 401 400 398 396 392 388 379 373 367 358 347 353 361 371 377 386 395 401 405 406 410 412 412
-9999 -9999 510 509 505 500 494 488 479 468 475 488 496 506 509 509 506 499 494 487 483 481 480 481 479 476 471 461 448 436 427 430 437 447 457 467 473 477 479 482 482 483 481 477 475 471 466 460 453 448 444 438 431 429 426 424 419 414 408 398 387 377 374 371 373 381 391 394 398 399 399 398 398 398 397 394 390 386 378 372 364 354 344 355 365 374 381 387 391 394 399 404 406 407
-9999 -9999 -9999 501 497 491 486 479 470 468 474 487 495 501 505 505 503 497 489 481 471 471 473 474 471 467 463 454 444 434 422 425 433 442 454 461 468 473 478 482 482 480 478 479 479 473 469 465 459 453 448 446 443 439 436 431 424 419 414 406 397 384 373 367 366 367 370 378 385 387 389 390 391 392 390 388 386 382 381 376 368 359 348 344 359 369 377 381 383 387 395 401 404 406
-9999 -9999 -9999 -9999 493 491 488 485 477 464 466 475 484 494 498 497 495 489 482 475 470 462 459 461 458 451 447 444 439 432 422 418 424 436 446 454 461 469 474 477 476 476 474 472 469 465 463 461 460 454 447 447 446 442 438 432 424 419 415 410 401 393 383 377 372 364 359 359 366 372 373 377 379 380 378 374 372 372 374 372 367 360 351 342 349 361 369 375 380 385 391 397 401 403
-9999 -9999 -9999 -9999 -9999 494 494 493 487 475 459 461 471 480 485 484 480 475 471 469 467 463 458 450 445 440 435 437 435 429 423 415 417 426 438 446 453 459 465 470 471 472 470 465 458 451 450 452 452 447 446 445 442 439 436 429 422 417 413 409 404 394 389 386 382 377 371 361 359 359 359 361 363 365 367 363 362 359 359 359 359 356 350 343 340 354 364 374 379 384 390 394 398 402
-9999 -9999 -9999 -9999 -9999 -9999 -9999 495 487 476 465 451 453 461 466 465 461 460 459 459 460 457 455 452 450 444 438 429 430 427 419 415 410 420 432 442 447 451 459 464 466 465 464 459 448 441 438 435 437 437 437 436 437 436 432 428 422 416 411 408 404 396 395 394 391 387 381 377 375 371 366 359 355 353 352 354 351 351 351 348 348 345 342 337 339 352 363 374 381 388 391 395 396 397
-9999 -9999 -9999 -9999 -9999 -9999 -9999 -9999 481 475 463 453 441 442 444 444 442 441 443 445 446 449 450 449 448 445 440 436 426 423 421 411 404 417 427 436 442 448 453 456 459 461 461 456 448 443 440 437 429 426 429 430 431 431 429 426 425 423 419 415 410 408 406 404 400 397 396 394 393 390 383 375 369 365 357 350 350 350 350 355 352 347 340 337 341 350 364 376 384 391 395 395 396 395
-9999 -9999 -9999 -9999 -9999 -9999 -9999 -9999 474 468 459 452 444 431 431 431 429 427 427 429 432 436 435 438 441 440 442 440 437 430 422 411 401 410 423 429 433 438 444 447 454 457 457 454 448 442 439 435 432 428 423 423 423 422 425 428 428 428 425 421 417 418 417 414 413 407 405 403 402 398 392 388 387 381 373 366 362 362 360 359 355 347 340 339 337 349 364 376 382 388 392 393 396 398
-9999 -9999 -9999 -9999 -9999 -9999 -9999 -9999 -9999 461 458 453 445 441 438 435 435 432 426 422 422 422 423 421 425 431 436 437 436 430 422 409 396 405 416 422 425 427 431 441 447 449 452 449 446 440 436 434 430 427 427 431 428 426 420 419 424 426 425 425 425 426 425 423 420 418 415 409 406 403 400 398 395 389 379 373 374 372 367 361 353 345 341 338 333 342 355 366 372 377 382 388 391 394
-9999 -9999 -9999 -9999 -9999 -9999 -9999 -9999 -9999 462 462 459 452 449 448 446 446 443 437 432 427 426 422 418 414 414 420 423 424 420 415 402 390 397 405 413 419 424 428 435 441 443 443 441 439 436 431 428 426 426 428 432 430 426 423 420 414 413 419 419 421 427 428 424 419 417 416 414 408 403 400 398 395 389 380 375 375 372 367 358 351 343 340 337 337 331 338 349 357 368 375 379 382 383
-9999 -9999 -9999 -9999 -9999 -9999 -9999 -9999 -9999 -9999 -9999 459 456 453 450 449 449 447 444 439 436 436 433 430 427 418 414 414 411 410 404 397 394 387 391 401 407 414 419 425 430 432 432 432 435 433 426 421 420 421 425 425 426 426 419 415 407 405 400 407 415 424 425 425 419 413 413 413 410 404 398 397 395 390 384 375 372 370 365 357 352 351 346 343 340 335 328 333 342 355 362 369 370 369
-9999 -9999 -9999 -9999 -9999 -9999 -9999 -9999 -9999 -9999 -9999 -9999 -9999 -9999 -9999 -9999 -9999 -9999 446 446 446 446 445 441 437 430 423 414 409 404 404 404 401 396 387 389 391 399 406 414 418 420 423 427 430 429 428 418 412 413 415 417 418 416 413 404 399 392 392 398 408 416 424 427 422 414 414 416 416 411 406 403 401 397 390 382 374 371 365 361 359 355 353 349 344 338 332 328 332 333 341 347 352 359
-9999 -9999 -9999 -9999 -9999 -9999 -9999 -9999 -9999 -9999 -9999 -9999 -9999 -9999 -9999 -9999 -9999 -9999 -9999 -9999 -9999 -9999 -9999 443 442 438 434 428 421 416 408 407 406 407 400 386 381 384 390 398 404 407 410 415 422 425 424 422 421 410 407 407 409 404 400 396 393 389 382 395 404 413 423 428 424 418 417 419 420 417 412 408 405 400 395 386 379 373 367 363 360 357 354 350 345 342 337 332 328 327 327 330 337 346
