semi-distributed_model/wark_data/dem.asc~
ncols 220
nrows 118
xllcorner 5.916667
yllcorner 49.812500
cellsize 0.000833
NODATA_value -9999
[rows 0 to 41 of 118, columns 94 to 187 of 220]
-9999 -9999 -9999 -9999 -9999 -9999 -9999 -9999 -9999 -9999 -9999 -9999 -9999 -9999 -9999 -9999 -9999 -9999 -9999 -9999 -9999 -9999 -9999 -9999 -9999 -9999 -9999 -9999 -9999 -9999 -9999 -9999 -9999 -9999 -9999 -9999 -9999 -9999 -9999 -9999 -9999 -9999 -9999 -9999 -9999 -9999 -9999 -9999 -9999 -9999 -9999 -9999 -9999 -9999 -9999 -9999 -9999 -9999 -9999 -9999 -9999 -9999 -9999 -9999 -9999 -9999 -9999 -9999 -9999 499 498 498 496 494 493 491 490 489 -9999 -9999 -9999 -9999 -9999 -9999 -9999 -9999 -9999 -9999 -9999 -9999 -9999 -9999 -9999 -9999
-9999 -9999 -9999 -9999 -9999 -9999 -9999 -9999 -9999 -9999 -9999 -9999 -9999 -9999 -9999 -9999 -9999 -9999 -9999 -9999 -9999 -9999 -9999 -9999 -9999 -9999 -9999 -9999 -9999 -9999 -9999 -9999 -9999 -9999 -9999 -9999 -9999 -9999 -9999 -9999 -9999 -9999 -9999 -9999 -9999 -9999 -9999 -9999 -9999 -9999 -9999 -9999 -9999 -9999 -9999 -9999 -9999 -9999 -9999 -9999 -9999 -9999 -9999 -9999 -9999 -9999 497 497 497 495 494 492 491 488 488 487 486 484 -9999 -9999 -9999 -9999 -9999 -9999 -9999 -9999 -9999 -9999 -9999 -9999 -9999 -9999 -9999 -9999
-9999 -9999 -9999 -9999 -9999 -9999 -9999 -9999 -9999 -9999 -9999 -9999 -9999 -9999 -9999 -9999 -9999 -9999 -9999 -9999 -9999 -9999 -9999 -9999 -9999 -9999 -9999 -9999 -9999 -9999 -9999 -9999 -9999 -9999 -9999 -9999 -9999 -9999 -9999 -9999 -9999 -9999 -9999 -9999 -9999 -9999 -9999 -9999 -9999 -9999 -9999 -9999 -9999 -9999 -9999 -9999 -9999 -9999 -9999 -9999 -9999 -9999 -9999 -9999 -9999 494 494 492 490 489 484 482 480 480 479 481 481 481 478 -9999 -9999 -9999 -9999 -9999 -9999 -9999 -9999 -9999 -9999 -9999 -9999 -9999 -9999 -9999
-9999 -9999 -9999 -9999 -9999 -9999 -9999 -9999 -9999 -9999 -9999 -9999 -9999 -9999 -9999 -9999 -9999 -9999 -9999 -9999 -9999 -9999 -9999 -9999 -9999 -9999 -9999 -9999 -9999 -9999 -9999 -9999 -9999 -9999 -9999 -9999 -9999 -9999 -9999 -9999 -9999 -9999 -9999 -9999 -9999 -9999 -9999 -9999 -9999 -9999 -9999 -9999 -9999 -9999 -9999 -9999 -9999 -9999 -9999 -9999 492 491 492 492 491 490 488 482 477 473 472 473 471 465 466 467 470 471 469 466 -9999 -9999 -9999 -9999 -9999 -9999 -9999 -9999 -9999 -9999 -9999 -9999 -9999 -9999
-9999 -9999 -9999 -9999 -9999 -9999 -9999 -9999 -9999 -9999 -9999 -9999 -9999 -9999 -9999 -9999 -9999 -9999 -9999 -9999 -9999 -9999 -9999 -9999 -9999 -9999 -9999 -9999 -9999 -9999 -9999 -9999 -9999 -9999 -9999 -9999 -9999 -9999 -9999 -9999 -9999 -9999 -9999 -9999 -9999 -9999 -9999 -9999 -9999 -9999 -9999 -9999 -9999 -9999 -9999 -9999 -9999 -9999 -9999 492 491 488 486 484 483 482 478 471 464 458 461 465 463 456 448 451 453 458 460 460 -9999 -9999 -9999 -9999 -9999 -9999 -9999 -9999 -9999 -9999 -9999 -9999 -9999 -9999
-9999 -9999 -9999 -9999 -9999 -9999 -9999 -9999 -9999 -9999 -9999 -9999 -9999 -9999 -9999 -9999 -9999 -9999 -9999 -9999 -9999 -9999 -9999 -9999 -9999 -9999 -9999 -9999 -9999 -9999 -9999 -9999 -9999 -9999 -9999 -9999 -9999 -9999 -9999 -9999 -9999 -9999 -9999 -9999 -9999 -9999 -9999 -9999 -9999 -9999 -9999 -9999 -9999 -9999 -9999 -9999 -9999 -9999 -9999 489 487 483 477 471 469 468 464 455 447 444 448 453 452 444 436 434 441 449 454 458 -9999 -9999 -9999 -9999 -9999 -9999 -9999 -9999 -9999 -9999 -9999 -9999 -9999 -9999
-9999 -9999 -9999 -9999 -9999 -9999 -9999 -9999 -9999 -9999 -9999 -9999 -9999 -9999 -9999 -9999 -9999 -9999 -9999 -9999 -9999 -9999 -9999 -9999 -9999 -9999 -9999 -9999 -9999 -9999 -9999 -9999 -9999 -9999 -9999 -9999 -9999 -9999 -9999 -9999 -9999 -9999 -9999 -9999 -9999 -9999 -9999 -9999 -9999 -9999 -9999 -9999 -9999 -9999 -9999 -9999 -9999 -9999 -9999 489 487 483 477 469 458 450 445 440 429 430 433 438 436 428 420 422 432 443 449 455 459 -9999 -9999 -9999 -9999 -9999 -9999 -9999 -9999 -9999 -9999 -9999 -9999 -9999
-9999 -9999 -9999 -9999 -9999 -9999 -9999 -9999 -9999 -9999 -9999 -9999 -9999 -9999 -9999 -9999 -9999 -9999 -9999 -9999 -9999 -9999 -9999 -9999 -9999 -9999 -9999 -9999 -9999 -9999 -9999 -9999 -9999 -9999 -9999 -9999 -9999 -9999 -9999 -9999 -9999 -9999 -9999 -9999 -9999 -9999 -9999 -9999 -9999 -9999 -9999 -9999 -9999 -9999 -9999 -9999 -9999 -9999 -9999 489 487 484 479 470 458 446 437 429 422 411 412 417 415 408 406 409 427 436 446 454 461 466 -9999 -9999 -9999 -9999 -9999 -9999 -9999 -9999 -9999 -9999 -9999 -9999
-9999 -9999 -9999 -9999 -9999 -9999 -9999 -9999 -9999 -9999 -9999 -9999 -9999 -9999 -9999 -9999 -9999 -9999 -9999 -9999 -9999 -9999 -9999 -9999 -9999 -9999 -9999 -9999 -9999 -9999 -9999 -9999 -9999 -9999 -9999 -9999 -9999 -9999 -9999 -9999 -9999 -9999 -9999 -9999 -9999 -9999 -9999 -9999 -9999 -9999 -9999 -9999 -9999 -9999 -9999 -9999 -9999 -9999 -9999 490 487 484 479 469 459 453 445 435 428 417 401 393 391 390 388 403 420 430 441 452 458 465 469 470 -9999 -9999 -9999 -9999 -9999 -9999 -9999 -9999 -9999 -9999
-9999 -9999 -9999 -9999 -9999 -9999 -9999 -9999 -9999 -9999 -9999 -9999 -9999 -9999 -9999 -9999 -9999 -9999 -9999 -9999 -9999 -9999 -9999 -9999 -9999 -9999 -9999 -9999 -9999 -9999 -9999 -9999 -9999 -9999 -9999 -9999 -9999 -9999 -9999 -9999 -9999 -9999 -9999 -9999 -9999 -9999 -9999 -9999 -9999 -9999 -9999 -9999 -9999 -9999 -9999 -9999 -9999 491 490 487 483 480 475 470 464 460 454 447 441 431 411 392 377 375 381 394 409 423 436 446 452 458 462 464 -9999 -9999 -9999 -9999 -9999 -9999 -9999 -9999 -9999 -9999
-9999 -9999 -9999 -9999 -9999 -9999 -9999 -9999 -9999 -9999 -9999 -9999 -9999 -9999 -9999 -9999 -9999 -9999 -9999 -9999 -9999 -9999 -9999 -9999 -9999 -9999 -9999 -9999 -9999 -9999 -9999 -9999 -9999 -9999 -9999 -9999 -9999 -9999 -9999 -9999 -9999 -9999 -9999 -9999 -9999 -9999 -9999 -9999 -9999 -9999 -9999 489 490 489 488 489 488 487 483 474 469 466 465 466 467 464 460 456 448 440 424 404 389 381 374 382 399 412 422 431 437 446 453 457 -9999 -9999 -9999 -9999 -9999 -9999 -9999 -9999 -9999 -9999
-9999 -9999 -9999 -9999 -9999 -9999 -9999 -9999 -9999 -9999 -9999 -9999 -9999 -9999 -9999 -9999 -9999 -9999 -9999 -9999 -9999 -9999 -9999 -9999 -9999 -9999 -9999 -9999 -9999 -9999 -9999 -9999 -9999 -9999 -9999 -9999 -9999 -9999 -9999 -9999 -9999 -9999 -9999 -9999 -9999 -9999 -9999 -9999 -9999 -9999 487 487 485 481 481 480 481 479 474 464 454 451 456 462 463 464 462 458 449 440 426 415 404 393 377 371 386 398 405 415 424 436 446 453 455 -9999 -9999 -9999 -9999 -9999 -9999 -9999 -9999 -9999
-9999 -9999 -9999 -9999 -9999 -9999 -9999 -9999 -9999 -9999 -9999 -9999 -9999 -9999 -9999 -9999 -9999 -9999 -9999 -9999 -9999 -9999 -9999 -9999 -9999 -9999 -9999 -9999 -9999 -9999 -9999 -9999 -9999 -9999 -9999 -9999 -9999 -9999 -9999 -9999 -9999 -9999 -9999 -9999 -9999 -9999 -9999 -9999 -9999 485 485 483 479 473 466 464 466 463 459 451 442 439 442 449 453 457 460 458 449 441 432 425 413 398 382 364 369 381 394 407 421 432 443 451 454 -9999 -9999 -9999 -9999 -9999 -9999 -9999 -9999 -9999
-9999 -9999 -9999 -9999 -9999 -9999 -9999 -9999 -9999 -9999 -9999 -9999 -9999 -9999 -9999 -9999 -9999 -9999 -9999 -9999 -9999 -9999 -9999 -9999 -9999 -9999 -9999 -9999 -9999 -9999 -9999 -9999 -9999 -9999 -9999 -9999 -9999 -9999 -9999 -9999 -9999 -9999 -9999 -9999 -9999 -9999 -9999 -9999 -9999 485 482 479 472 462 454 447 444 440 438 433 427 424 423 433 443 452 458 456 448 439 434 428 416 400 382 366 354 370 386 403 420 432 442 450 452 -9999 -9999 -9999 -9999 -9999 -9999 -9999 -9999 -9999
-9999 -9999 -9999 -9999 -9999 -9999 -9999 -9999 -9999 -9999 -9999 -9999 -9999 -9999 -9999 -9999 -9999 -9999 -9999 -9999 -9999 -9999 -9999 -9999 -9999 -9999 -9999 -9999 -9999 -9999 -9999 -9999 -9999 -9999 -9999 -9999 -9999 -9999 -9999 -9999 -9999 -9999 -9999 -9999 -9999 -9999 -9999 -9999 -9999 488 483 472 465 455 442 435 429 426 420 416 412 406 412 421 432 447 453 453 448 441 435 429 415 398 380 364 353 361 383 405 421 435 445 452 456 -9999 -9999 -9999 -9999 -9999 -9999 -9999 -9999 -9999
-9999 -9999 -9999 -9999 -9999 -9999 -9999 -9999 -9999 -9999 -9999 -9999 -9999 -9999 -9999 -9999 -9999 -9999 -9999 -9999 -9999 -9999 -9999 -9999 -9999 -9999 -9999 -9999 -9999 -9999 -9999 -9999 -9999 -9999 -9999 -9999 -9999 -9999 -9999 -9999 -9999 -9999 -9999 -9999 -9999 -9999 -9999 -9999 498 495 489 485 479 470 464 456 447 439 434 427 419 406 395 403 418 432 441 445 444 440 433 423 408 390 371 351 346 359 381 404 422 435 447 452 454 451 445 -9999 -9999 -9999 -9999 -9999 -9999 -9999
-9999 -9999 -9999 -9999 -9999 -9999 -9999 -9999 -9999 -9999 -9999 -9999 -9999 -9999 -9999 -9999 -9999 -9999 -9999 -9999 -9999 -9999 -9999 -9999 -9999 -9999 -9999 -9999 -9999 -9999 -9999 -9999 -9999 -9999 -9999 -9999 -9999 -9999 -9999 -9999 -9999 -9999 -9999 -9999 -9999 -9999 -9999 502 500 497 496 492 487 484 479 472 464 460 455 447 435 416 395 381 390 405 416 423 424 424 421 412 394 374 352 333 346 364 387 406 421 432 438 439 439 432 438 442 -9999 -9999 -9999 448 446 444
-9999 -9999 -9999 -9999 -9999 -9999 -9999 -9999 -9999 -9999 508 508 508 508 -9999 -9999 -9999 -9999 -9999 -9999 -9999 -9999 -9999 -9999 -9999 -9999 -9999 -9999 -9999 -9999 -9999 -9999 -9999 -9999 -9999 -9999 -9999 -9999 503 503 501 503 504 504 503 502 500 499 497 493 490 488 486 485 484 479 475 471 465 456 445 426 403 383 366 371 381 388 392 398 400 395 382 358 334 330 347 370 394 408 419 426 426 420 420 419 432 443 451 448 444 439 432 431
-9999 -9999 -9999 -9999 -9999 -9999 -9999 507 506 506 505 507 507 507 -9999 -9999 -9999 -9999 -9999 -9999 -9999 -9999 -9999 -9999 -9999 -9999 -9999 -9999 -9999 -9999 -9999 -9999 -9999 -9999 -9999 -9999 -9999 500 499 495 495 495 497 499 499 496 494 491 488 483 479 478 478 482 482 478 473 468 464 458 448 431 411 391 372 354 348 352 361 369 377 380 373 350 329 330 349 376 400 410 418 420 413 405 400 406 421 437 441 435 426 416 412 416
-9999 506 506 505 505 503 503 502 497 502 504 505 506 507 507 507 507 -9999 -9999 -9999 -9999 -9999 509 508 508 509 509 509 -9999 -9999 -9999 -9999 -9999 -9999 -9999 -9999 502 500 492 485 479 483 491 495 493 489 485 480 475 470 463 461 465 471 472 468 463 459 457 454 449 436 422 405 385 367 350 335 333 338 351 360 359 344 327 327 349 379 403 412 417 415 405 389 379 390 406 418 421 411 398 389 390 405
504 504 503 500 498 497 492 493 499 502 503 504 504 504 504 504 506 506 507 508 507 507 507 505 504 505 505 505 506 507 507 506 505 505 504 503 502 497 488 473 465 474 482 487 487 479 470 456 453 445 438 438 447 452 455 454 449 448 448 449 446 439 431 419 403 390 372 356 340 330 324 331 337 329 320 329 354 382 406 416 418 413 396 375 360 374 388 397 399 385 370 362 368 383
501 499 498 493 491 485 492 495 497 499 500 498 499 498 501 503 504 505 504 503 503 501 499 498 497 497 494 500 502 504 503 501 499 497 495 494 493 492 483 465 451 453 463 470 471 465 459 447 427 416 412 417 424 434 439 436 433 429 431 434 436 437 436 428 416 405 392 378 360 342 327 315 315 315 315 336 365 389 409 416 413 405 386 363 349 355 366 372 370 356 343 330 343 351
495 494 492 487 481 481 489 491 493 495 495 494 493 495 498 499 499 501 499 498 495 494 491 490 489 488 489 497 500 502 501 498 493 485 479 476 477 477 471 459 440 431 437 444 451 457 457 447 435 418 403 396 398 411 414 415 415 409 409 412 419 425 426 425 420 413 405 394 380 362 342 321 307 303 319 345 376 397 406 408 402 390 374 350 334 337 340 341 333 325 310 302 305 322
488 487 484 481 478 476 482 487 490 491 489 488 487 489 490 492 491 492 493 492 488 482 481 477 479 482 491 496 498 499 497 494 487 475 462 454 452 453 453 445 430 417 410 421 435 447 451 447 440 427 411 391 382 382 389 396 395 393 391 394 403 412 417 423 422 418 414 409 399 382 360 329 307 300 319 347 377 393 397 391 383 373 357 336 314 311 310 305 293 280 272 271 280 304
477 477 476 475 472 469 475 482 486 486 483 479 477 479 480 482 485 487 488 485 479 473 464 468 475 485 490 494 493 493 491 486 478 466 447 431 424 426 431 427 417 403 394 399 411 426 433 438 437 430 417 406 387 372 368 375 382 386 384 381 389 400 414 421 425 426 423 417 405 392 373 343 310 294 306 335 362 373 375 371 365 354 340 325 304 286 278 273 259 249 244 244 262 285
466 467 467 465 463 458 468 475 480 481 479 473 470 470 472 478 481 483 483 477 469 458 462 472 481 485 488 490 489 487 485 479 468 453 435 415 408 400 397 396 392 383 375 376 383 394 404 414 422 424 425 422 410 390 373 361 369 376 376 368 369 384 396 407 414 417 416 410 403 392 374 347 316 292 292 311 332 346 348 344 337 329 321 311 293 275 265 251 245 245 251 244 247 262
470 462 460 459 453 448 456 467 472 475 476 473 462 462 467 475 478 480 478 472 460 448 458 471 480 485 485 484 485 483 481 476 467 454 437 426 410 395 382 374 366 363 357 351 353 360 371 387 402 413 425 429 424 406 382 360 352 358 363 350 349 354 368 383 396 404 408 407 400 389 374 352 326 300 284 287 299 311 312 309 303 297 293 282 271 261 252 245 249 264 268 257 244 247
469 466 458 453 447 441 437 446 455 464 466 464 457 453 461 470 474 474 475 471 460 442 445 462 471 477 480 480 481 481 481 477 468 460 450 437 420 408 396 388 388 382 377 363 351 345 344 353 369 386 402 414 417 410 391 369 352 342 333 331 321 325 340 360 379 394 402 401 395 386 374 353 333 312 293 283 283 281 281 282 275 270 264 260 257 252 245 247 260 286 295 285 260 244
468 466 466 464 456 450 440 433 432 433 440 439 437 440 453 463 471 472 472 471 462 443 438 447 463 473 477 478 480 482 483 480 476 470 461 447 430 419 416 415 413 409 402 393 378 360 346 337 339 352 371 389 401 401 397 384 367 348 334 318 309 300 313 334 356 374 385 389 387 382 372 358 344 326 310 296 286 282 276 271 271 269 264 258 251 245 248 257 281 308 322 306 282 264
478 478 477 474 469 466 461 450 439 426 420 424 427 441 455 465 470 470 473 475 465 446 433 438 458 473 479 483 484 485 486 483 479 475 467 457 450 448 448 450 447 441 430 420 405 387 368 347 330 329 340 359 376 391 396 390 379 365 346 330 316 302 296 308 333 355 367 375 376 374 368 362 355 343 330 316 306 297 293 290 285 275 263 252 250 252 259 280 298 321 331 317 290 268
489 488 485 483 480 477 470 463 449 431 416 414 428 447 461 469 473 473 472 471 463 443 427 432 453 471 479 483 486 487 486 483 480 479 476 473 472 473 472 470 466 459 449 438 425 407 387 365 343 324 321 327 346 366 377 382 376 361 343 324 308 288 285 287 309 331 348 356 357 360 362 362 361 354 345 336 322 311 305 300 294 277 260 250 254 264 285 296 315 329 334 317 290 266
490 488 486 483 479 476 471 464 454 436 416 409 428 450 464 469 472 472 468 463 453 437 422 422 446 463 473 480 484 485 483 480 479 479 478 477 478 479 477 470 463 456 450 443 434 419 399 377 353 336 318 311 316 333 350 356 351 336 317 298 281 267 269 270 284 304 319 331 340 347 354 360 362 358 357 351 343 327 316 309 298 279 257 250 262 279 302 323 336 345 341 323 297 265
482 478 476 473 471 469 467 463 455 438 417 404 416 438 450 457 458 456 453 446 437 423 412 418 439 458 469 476 478 477 476 474 473 473 473 473 471 470 468 460 445 437 435 431 428 419 404 387 368 349 331 306 297 298 314 321 318 308 296 278 262 262 261 261 264 281 294 314 331 344 350 355 359 364 368 362 350 336 323 311 298 276 260 250 257 282 311 338 358 367 361 344 315 284
471 468 461 456 462 459 462 463 456 443 426 409 401 412 426 431 434 432 429 424 415 407 403 417 437 454 466 468 466 463 461 460 462 467 468 468 466 464 461 452 434 418 410 414 417 416 407 393 382 367 346 323 297 288 286 289 292 290 276 265 268 274 280 270 261 261 281 300 320 333 341 349 359 360 358 352 339 326 310 297 283 272 261 252 256 281 316 350 372 379 375 358 342 316
472 469 461 451 443 451 456 458 455 448 432 421 407 397 398 404 407 408 408 406 399 392 404 422 439 452 457 456 451 444 440 444 452 459 464 464 464 461 454 444 428 407 395 390 397 400 400 396 392 379 363 343 328 311 301 286 279 274 265 273 291 309 310 298 278 264 261 274 293 308 321 333 340 343 334 320 306 289 276 269 264 260 257 252 268 297 325 349 368 375 374 368 360 338
476 473 468 456 443 435 440 447 448 445 436 423 415 406 393 389 391 391 393 393 388 386 401 419 436 442 441 436 428 429 435 444 451 457 461 463 463 461 454 441 424 404 387 373 372 374 384 387 388 381 376 365 357 347 329 307 281 265 274 288 316 342 345 332 313 289 270 261 261 267 281 297 312 315 308 290 269 259 258 258 257 257 258 273 290 311 331 347 358 362 367 370 365 348
486 483 478 467 454 440 430 429 431 433 427 420 414 405 399 393 388 388 386 381 376 375 384 401 413 417 415 413 420 431 441 447 453 459 462 463 463 462 455 444 427 414 401 390 375 369 361 360 370 374 375 371 362 350 335 311 287 266 269 292 321 352 362 356 346 329 311 291 271 261 261 265 277 284 275 266 259 260 266 266 270 277 288 295 308 325 338 342 347 354 361 365 362 351
489 486 482 474 465 451 439 427 424 419 414 412 408 404 401 399 400 399 399 395 385 371 369 370 384 389 398 409 419 435 448 458 465 464 466 467 469 469 464 454 444 436 424 411 400 387 373 361 350 351 356 354 343 329 316 304 285 270 271 284 310 336 352 355 353 350 342 332 313 299 275 261 261 261 259 259 265 280 284 286 289 298 311 323 328 332 340 345 348 352 355 361 362 355
488 486 482 476 467 456 446 437 427 425 425 426 425 422 418 418 418 415 409 404 393 381 370 365 364 373 390 402 422 438 450 462 468 470 471 472 474 474 469 464 458 446 437 427 412 397 382 367 353 338 337 331 321 308 302 299 287 270 270 280 290 300 314 323 336 345 348 348 348 335 314 300 278 270 268 278 294 305 308 299 302 318 331 340 345 347 349 353 354 356 356 359 360 358
484 481 479 475 468 459 452 447 446 445 446 448 447 444 437 434 431 424 413 406 396 385 380 372 364 365 374 397 421 439 452 458 464 469 471 473 474 473 470 465 458 449 442 433 418 397 385 375 363 354 346 341 332 332 327 307 293 283 276 274 275 276 278 288 302 322 335 349 358 360 350 338 324 319 319 321 326 326 320 307 317 331 344 350 356 357 357 357 360 361 362 362 360 350
479 476 475 472 470 468 465 462 458 458 460 462 461 454 446 439 432 423 412 401 392 393 394 388 373 364 364 387 414 435 449 456 463 467 469 469 469 468 464 459 453 445 440 432 420 413 407 400 395 388 378 370 363 359 352 336 319 308 299 296 294 284 276 276 277 288 312 335 360 374 380 375 372 367 363 359 354 343 327 319 331 341 351 355 358 359 359 358 360 361 363 364 361 347
477 475 470 472 474 475 476 473 470 471 469 470 468 460 449 442 429 418 412 413 422 422 417 407 392 372 364 370 398 423 441 452 459 462 465 465 464 462 459 455 450 444 441 438 435 431 428 426 419 411 406 401 397 391 381 368 348 333 323 317 310 301 291 287 276 276 290 323 356 382 392 394 390 385 380 374 367 353 337 328 335 345 352 354 355 354 354 357 360 363 363 364 361 346
