semi-distributed_model/wark_data/slope.asc~
ncols 220
nrows 118
xllcorner 5.916667
yllcorner 49.812500
cellsize 0.000833
NODATA_value -9999
[rows 25 to 49 of 118, columns 112 to 167 of 220]
7.08436918 13.66828537 18.53780746 12.00729752 10.64063931 14.83585453 12.02663612 7.09715176 4.62517548 4.57110691 5.13410759 5.89934635 8.26525021 13.88182068 20.4991436 27.1957016 29.44075775 22.18788147 16.25715446 19.09811592 25.2307148 29.00865173 29.21806908 26.51626968 22.72699547 26.45990372 34.46700287 38.05169296 36.44526672 30.65736008 20.23049164 8.43821144 3.88290453 17.68444443 30.8228817 32.42918396 22.01490593 7.97379827 16.10031128 15.49154186 14.90538597 17.26852036 24.08524513 31.53897858 31.06323624 25.68613052 18.58589935 12.22214317 9.34558678 12.12100506 16.77961922 24.25133896 36.75403595 47.61843872 44.49783325 19.63821411
6.68651724 14.12026405 20.7520504 9.52024937 18.55603409 19.62904358 12.76323223 7.10479403 4.75318861 4.87285614 4.3955307 4.09266949 5.84035397 12.15467262 18.17255974 23.49746513 25.68559074 25.07023239 23.29366302 19.34083748 13.77922535 9.81077576 8.85994053 9.61700344 10.52357578 9.29991913 17.40272522 27.66731262 35.4269104 38.53243637 34.02260971 26.70512962 17.33515167 4.33564758 17.47181702 31.91177368 34.89936447 21.62171173 8.75371742 17.38775444 22.39793015 24.31852722 26.16419411 34.69534302 38.08688354 34.33377075 26.05217934 16.39365005 8.18791771 9.25024509 14.9972744 21.4612484 31.72789383 40.89100266 42.52416611 31.86778259
4.2217989 12.13349724 22.96216202 12.28380585 16.79794884 23.6309967 17.39557648 10.16432476 5.03797436 3.52932763 2.51898718 0.70586556 3.67187762 10.13952923 14.6986351 19.04464149 23.266819 27.22443962 26.97816467 23.28367233 22.48980522 23.16429901 25.14892769 26.31725311 27.67719269 26.64897728 17.62908936 5.84451103 14.11731052 29.6882019 38.99197769 40.94828033 36.2225914 24.49403763 12.89711952 20.59931755 30.97920418 30.66567039 20.09926605 13.33692741 18.40435028 22.24044991 23.03510094 30.19258881 39.94779205 40.55529404 34.42126846 24.59528542 14.32884979 10.56927204 13.38288593 17.76074409 26.51760674 33.1952095 35.84259796 35.04160309
0.53943789 9.09711075 23.91859627 19.82970619 7.25515604 23.26700783 22.50138855 12.46452904 4.8177824 2.7272203 2.88882589 2.72841144 3.41051412 8.03884315 11.03868771 14.76567841 20.40473175 25.59856606 25.43341637 24.58343506 28.30615807 31.84625816 32.72040558 32.72637939 33.49906158 36.26682663 37.09039307 31.39229202 19.83416939 6.7096405 21.20853615 36.59924698 42.09598541 36.90430832 23.67293739 10.39864063 15.94573021 26.18855095 29.06142807 27.22405434 23.05277443 19.2201004 15.31359768 12.89469624 31.63607216 42.75372696 41.69396973 32.18650436 21.74881935 14.34985828 12.0108099 13.97592735 19.51690674 23.41354561 28.25289154 32.20166397
1.46728826 7.30663252 23.79622078 25.91705704 6.92420959 22.17485619 28.61631584 17.19181824 7.7803216 4.82898808 3.88279438 2.94962454 2.81447983 5.90198565 6.81795311 10.26899052 16.15264511 20.5791111 24.11111832 28.03395462 29.81052589 29.62334061 29.37815285 29.9157505 30.35717392 32.15824127 36.95227432 38.80488968 36.93608475 29.80280113 12.9858675 15.11383724 33.04869843 40.6992569 36.81660461 24.04064178 10.40304375 13.71712875 22.6734581 28.18348885 29.02746391 25.19184875 22.98512459 14.23874092 18.13135147 37.22341156 44.6776886 36.48847198 26.23039436 18.93014908 15.5439167 12.56100559 10.88339996 11.65676117 18.55478859 25.45185471
3.17222023 10.18846798 23.94974709 28.71481133 11.33110523 22.34771156 32.84280396 21.49208832 11.1659708 6.46739769 3.15685868 0.45524564 3.35786057 4.95165825 3.55083179 5.07716513 9.11560249 11.86312008 14.50374699 16.06049347 14.94801903 12.77342701 13.03305435 16.05192375 19.0336647 22.56579399 29.14020729 35.12673569 38.47227097 39.05354691 31.48653793 14.5431757 11.69072533 29.72596169 41.08523178 38.50376892 27.25393486 19.51510811 24.23404884 31.79845047 34.62569046 33.22275162 32.99952316 24.12343025 17.18936539 29.25478172 43.36170959 40.7629509 32.76254272 25.26697731 19.87343979 14.41749477 7.75751114 2.08214116 8.53806496 15.55497646
12.4741478 17.20224953 25.16515541 27.89971542 12.91023636 22.4383316 34.41248703 23.92871094 14.40605736 9.02933788 5.4412756 5.19222307 6.34447432 5.90499592 4.17491913 3.22037768 2.64107323 1.3635509 0.70586169 1.81375861 7.06291771 13.35536957 16.34165573 15.35821819 13.47067451 13.57459068 19.05119514 28.18255615 34.2287941 37.72647858 36.06002808 29.26325417 19.06143188 11.25556469 29.68211555 41.28881836 38.69574356 32.78748322 34.65039444 38.32461929 39.60146713 38.58153152 32.48550797 19.26308632 13.51177216 20.19441414 35.49943542 39.52104568 35.69231796 28.74915695 20.24414635 14.38442993 10.31673527 6.27304745 0.64051265 6.56980181
22.53730011 24.47526169 26.9710331 25.01457596 10.33055878 23.93117523 33.25807953 24.64125824 14.75899792 8.96117592 9.44939327 11.5188694 11.96034622 10.81823444 8.93979836 6.95655727 5.53317928 5.53783178 6.68513489 8.21305656 12.25021839 21.19067383 24.92531776 22.88921165 20.72776985 16.23479462 13.09197235 19.51558113 27.20674515 31.26313591 33.03494644 34.25542068 34.99747849 25.23260117 11.32769299 26.18881226 35.5109787 34.8000145 32.5375824 32.4863205 33.62252045 28.43120193 13.27418804 1.67128372 3.96073294 1.67128372 18.11376572 31.13052559 34.17938232 32.31237411 25.47467995 17.31516457 12.67315388 10.51654816 5.98737288 2.51905632
24.70610237 24.6084137 24.75060654 17.21821976 11.03800297 27.13242722 30.05559158 22.35886765 12.42451 10.67228985 15.08092308 18.04702187 18.3026886 15.94471931 12.9870348 9.28827953 5.71900129 4.75315285 5.21166086 7.12081242 12.82138252 23.1152668 28.81126404 24.69181824 21.3669281 20.71883965 16.45816231 13.04392242 17.28559875 20.27709961 25.22656822 32.77632523 39.07635117 39.44878006 27.4812355 8.93397713 6.47325945 16.50045586 20.3972683 23.40465546 21.71003532 5.2639966 15.64519405 24.79692841 24.89686203 23.17101288 9.30101109 13.16998005 30.2145443 36.8236084 34.00534439 26.39003563 21.12222481 18.23070335 13.87625408 12.81335926
19.53161049 18.54199409 17.94807243 9.84641266 21.71948242 29.01063728 25.09711456 16.09054756 13.10924721 17.90430641 20.57126808 18.28430367 13.98181629 12.64164257 12.28006554 9.79572392 5.28051567 2.69719195 3.13642097 7.41686153 14.28288078 23.34918213 30.8650589 27.75308228 19.82195854 20.2461586 23.81941795 20.56654549 13.22173786 8.6560564 14.03626823 23.747015 31.68112564 37.15058517 38.52989197 35.56707001 28.7791996 20.15583801 14.11846828 13.61914062 1.16261613 21.81963158 37.81327438 37.40948105 35.85945892 40.4028511 36.21789932 17.68176842 7.85275364 27.98670578 37.4583931 39.44173813 37.83686447 33.75506973 27.71405029 25.46710777
12.04778194 14.16934586 13.82726383 13.19401455 27.54917336 30.38018417 24.09986115 19.63560486 21.99033546 22.17074013 16.00078201 9.06221771 9.66080666 11.73710442 11.08183575 8.5579195 4.43434763 1.24242103 1.69127607 7.51817703 15.6580143 23.79223442 29.43496323 27.8756218 21.64866638 11.47470856 10.28740311 16.80815315 19.74196625 18.03441048 11.88285637 10.37452793 16.11668777 22.61345673 26.00917816 30.24433327 34.92987442 36.79946136 29.76185608 9.61551857 15.03787899 35.17668915 45.6440239 33.4634819 28.21465492 39.48838043 46.48912811 44.13711929 30.16239548 9.96774769 10.5234642 26.64377403 36.73418808 40.37128067 36.71741486 32.53810883
4.46686077 8.19386959 9.33274746 9.17613792 24.60299492 33.3236351 31.78521729 27.52850914 22.42169189 14.78047848 12.62611675 16.42099953 15.87158585 14.01887131 11.14459038 7.51240158 4.53961897 2.94953942 3.26343441 7.60419655 15.81572628 23.37578964 26.59750175 27.99578094 29.12434387 26.87495995 19.80523872 10.68469048 8.00851536 13.62242126 17.97677422 15.93531799 11.62107277 14.26732063 19.33340263 24.28313828 30.50979233 36.5785141 34.67047119 11.98805046 18.58655357 38.67754364 47.25946808 31.96557236 5.48319626 18.17067146 30.69715118 40.81136703 45.09663391 43.51227951 33.30125427 16.8213768 2.15775418 20.1799221 28.40846634 28.12833405
14.03763676 16.17146301 18.1774025 10.01516247 7.99806023 21.30268288 27.27019501 24.7767868 19.60943222 17.56847 22.12183952 22.58361626 18.741045 15.21288776 10.08138847 6.85715675 5.70386076 5.53332043 5.89210081 8.16746616 14.55988407 20.08044243 23.31692123 25.33320999 27.17129135 28.633564 27.89747047 25.58622742 21.64496231 13.9862442 11.20440483 17.12844849 20.51565933 24.32160378 29.56360054 29.82559395 26.08044815 27.19605446 29.65454865 13.20378876 13.38106918 32.14038849 41.99180984 39.69908142 27.92570877 16.80573463 5.89049101 12.30880928 24.75000381 36.9287796 44.66226196 45.08608627 36.59716797 19.49344254 3.85889316 5.67223167
12.60209084 14.59576607 20.02088928 17.6193924 10.88209152 2.79554987 10.20081997 20.13695145 25.59916306 28.23734665 29.22200584 24.28190613 18.85196304 13.57108021 6.89874411 3.47865272 3.64560175 3.88254738 2.97367668 4.7210288 9.68439579 12.61277294 16.2045269 18.05980873 19.06552505 23.12311935 26.66941071 25.93507195 23.45000839 22.65257454 19.45789337 9.05550957 6.43854237 13.84856033 17.24417114 14.63090515 14.68491745 20.110466 24.59003639 14.5489912 5.50400925 17.6193924 27.22682953 36.47518921 40.41814423 37.78049469 30.62543488 18.12505722 4.60068846 9.79030132 24.77214622 40.38716888 47.37674332 45.79338074 38.86822128 32.72028732
14.47578239 14.61821651 15.26354885 12.74797726 14.88274002 16.28213501 7.6039319 9.04991436 26.28830338 37.72981644 35.35838699 26.16449547 17.38463211 11.93605614 8.93169975 5.11001492 2.84430981 2.56929541 2.57081842 4.78677225 7.83395433 9.97142696 13.52929974 13.78406239 13.42403603 19.613657 25.73970604 24.37772369 22.53645325 25.22637939 28.41207123 28.36495399 25.39856148 24.96058273 25.85336304 27.46221161 30.58831215 32.07223129 28.83654785 23.68325043 15.67035198 9.17609978 2.7267859 9.24632549 20.43612289 29.71576881 36.73475647 36.74967194 28.94436073 20.74335861 12.07518005 21.94990349 36.95373535 46.35895157 51.07450485 52.00460815
13.98260021 11.1294241 14.20407391 18.81330299 21.22646904 25.12916756 22.96567917 8.66395664 16.75239944 39.5524025 41.62690735 31.3412075 19.69678879 12.67912292 9.49444675 6.21172857 4.30441046 4.33564663 5.36203194 7.02491951 9.00298405 10.40125847 12.21539593 10.94707775 10.02054977 15.02292919 19.56142426 22.08349991 25.57619095 29.43665695 32.20305634 33.77098846 34.25128174 34.84270859 34.65296555 33.19754791 36.47253799 41.72332764 38.26517868 32.17043304 27.21303177 23.20341682 20.22972488 17.10052299 7.71867752 3.05967784 16.56664085 32.85372162 41.30922699 40.85025406 30.90433884 18.15771484 21.91096878 31.05752754 35.46369934 35.60108566
19.52767372 22.79224968 26.36462975 26.10745811 25.15930557 27.90420723 29.30348587 22.54903412 0.49693236 29.82702827 44.23057556 38.69728088 26.6390419 16.56934166 10.5216589 9.2922821 8.21294785 7.42022038 6.95654202 6.58987141 7.18000746 8.18012142 9.1429987 7.51740217 6.57188511 9.65637875 12.56655693 14.07237911 15.3992672 17.53881454 19.70843697 21.10119057 23.16204453 25.41067123 28.04820633 30.73092842 34.43312073 39.92183685 40.52765274 33.60603333 24.89531136 17.92110062 16.6090889 17.80991554 12.28113079 7.77873898 2.081949 17.78733444 39.31229401 50.27621078 45.12698746 27.73555946 11.19495392 10.81302738 13.60450745 14.27919769
28.42403412 25.76581955 21.05467415 18.38657951 23.99214363 29.36794472 28.35360909 26.66441727 14.39628315 13.6093502 38.00333023 42.75344086 32.91819763 22.87849998 16.54434967 13.44184875 11.22902679 9.41928005 7.29530716 5.02892971 4.8940773 6.2286911 6.31243563 5.03725529 4.31076479 4.54722881 5.26325941 5.59543133 4.94572735 6.80028296 9.54635429 9.92522907 10.64836788 11.69887733 14.15298271 18.81595039 24.84293365 31.69726944 38.15454865 35.64120483 28.25586891 23.21078491 22.48064232 20.83150101 14.35986328 7.17993164 3.13614726 20.53715706 40.50921631 49.48647308 46.48114014 31.05357552 11.18147469 2.9961257 7.29489088 9.19614697
14.18759251 13.37013149 13.13882732 17.30998421 26.9187851 32.44596863 28.21016312 24.74302101 21.17303658 3.2202816 27.24720383 38.90800095 33.9377327 26.24372101 19.88072968 13.46324158 9.06231308 7.71858549 7.02274895 5.53778648 5.28441858 6.05651093 5.7767148 5.03396988 4.62423325 3.83565807 4.31069469 5.30160046 4.31069469 4.43375063 5.43225145 5.12309074 3.83565807 2.72929358 3.01813984 7.54220676 14.79130363 24.41731071 37.23585892 41.73849487 39.1504097 35.48521042 28.44158173 15.68691063 0.96680707 12.23615742 25.91743851 40.04151535 48.86547852 46.55953598 38.71186447 26.40006447 10.03354836 2.63770175 6.47129536 9.09431171
2.92140102 3.99085283 8.96526337 18.29860878 27.51138115 32.12939835 29.45729256 26.00484467 25.48077393 9.6056385 16.82654572 30.68174171 32.27007294 27.82708549 22.30286789 14.37331295 8.96034145 7.71746302 7.50010252 7.38927221 7.73445177 8.01130295 7.50010252 6.37312651 4.37667084 2.49469233 4.47621155 7.93486977 7.21894026 7.02476883 8.2091608 7.70199585 6.09549904 5.99224901 6.94656086 7.70572901 12.87061787 25.50003433 42.28105164 49.1921196 46.0188446 38.76530457 20.73008156 3.3839345 23.76635933 35.321064 43.95531845 48.32554245 44.59002686 35.54021072 25.16958427 16.19654846 6.18942595 1.89915931 5.42360783 8.62125206
6.21757364 5.49243593 7.66710711 15.46261024 22.95532608 26.39925003 30.6205616 32.80306244 30.55059242 17.1767025 4.6500144 22.25470734 31.68420601 31.9301281 25.9735775 18.23722076 12.32851124 9.83057594 9.93159199 10.65596867 10.70489025 9.41927242 7.734447 6.3286314 5.01379013 3.60433125 6.4598074 12.00002575 12.23812389 12.72440434 13.92551231 12.84846401 11.46498299 10.91716957 11.16219711 11.17730618 15.17043209 28.56220818 46.13648224 50.82701492 43.66163254 32.21929932 7.93396568 19.71450424 36.42551041 40.20715332 38.26535416 33.70177841 24.79702759 16.44360542 10.77639008 7.09470844 3.74925089 0.92008686 3.98527932 7.40354395
6.74299192 6.79445314 7.03551626 10.68468189 15.8791151 18.18775177 25.3984127 33.24172211 34.00375366 27.9563446 12.88306904 8.40759182 25.30171204 33.02274323 31.89375877 26.04796028 19.71035194 16.52397537 16.62053871 15.69375992 13.01567078 9.76662827 6.95653391 5.80272579 6.2900281 6.2900281 8.19697762 13.38761234 14.1227808 13.28755569 12.69524384 11.43785667 11.0899601 10.40305901 9.32116508 8.98690987 13.86466503 27.50867653 42.94269943 46.37369919 37.16671753 27.57647133 5.12044001 23.62568283 37.35699081 38.8153038 30.46617889 22.17753792 14.19287395 10.48909378 10.40869045 8.81310177 6.60897827 4.17479515 3.20105028 5.71247768
6.63771534 6.61142588 6.6898222 8.58392143 10.52569771 11.89442253 18.28417397 25.83887482 28.35440445 29.52443504 26.1586895 13.27503777 5.3259244 22.65785027 31.88022232 32.89980698 29.31682587 25.57894135 21.62595177 17.05903435 12.88101101 9.00235271 5.24542809 3.506356 4.33564615 5.98009348 8.00256729 11.88700104 11.99224949 12.32943249 8.55615044 5.50324249 6.5897212 8.63103008 8.36131001 8.21287537 11.88727188 22.71473122 34.45039749 39.94855499 34.70737457 30.84562492 13.77215862 16.82544518 35.2616539 39.15909576 31.77396965 25.33586884 20.0008831 15.60001755 12.73367023 10.93614101 9.96714878 8.25718117 6.34184647 5.89208269
7.82187223 6.68998289 6.0954628 7.40768719 7.70179892 8.85793877 13.17925167 18.74642563 20.41406059 21.88290024 24.49507713 24.80427933 15.70124054 2.82338071 16.54362488 26.0715332 26.73733902 22.20158386 18.57262039 16.98727608 13.87830544 9.7875843 5.77640295 2.90041184 2.76658964 3.60432267 6.05624056 8.46588326 8.41572666 9.24408722 8.32011223 9.25220394 9.81522655 6.61070681 9.05592537 10.28734493 9.98035526 15.02097702 23.78140259 31.11073494 33.80638123 35.17531204 26.00253487 2.51837087 27.59186935 33.69753265 29.87283516 27.88755226 25.88199425 22.85009766 19.29319382 15.85684776 13.36507797 10.92520618 8.96478748 7.7574873
9.52284336 9.58663464 9.68580914 9.45636654 7.95511913 8.08980656 9.97637081 12.53082752 14.67299652 16.50727081 18.82616425 23.3027401 22.49664307 14.72727108 6.64061499 13.56021023 21.29286766 22.7290535 20.67825699 16.48859215 12.06405926 9.16061211 6.76749611 3.85920119 3.01810503 3.41005945 4.96884203 6.32653952 6.70164251 7.22126532 7.27646255 9.27927685 11.26729012 11.48307323 9.89052105 9.90975952 10.02227402 8.76296329 12.52211571 20.10451317 31.14015579 38.29166031 34.13697815 8.82960892 18.16163826 23.63886642 22.89989853 26.50430298 31.49036217 32.39570999 28.90172386 22.41518402 15.73483372 11.34366512 8.71157837 6.90628052
