semi-distributed_model/wark_data/slope.asc~
ncols 220
nrows 118
xllcorner 5.916667
yllcorner 49.812500
cellsize 0.000833
NODATA_value -9999
[rows 50 to 74 of 118, columns 112 to 167 of 220]
10.86118412 12.00434589 13.16269493 12.31651497 10.11664581 8.09739876 7.59617519 7.81517744 10.23184681 14.57824421 17.64307594 21.25361824 24.64375496 22.74643707 12.4600811 8.65416336 26.33965111 30.10484886 21.75379372 12.66056538 7.96987867 6.92704201 6.61057663 5.49235678 4.87285805 4.62708521 5.32578945 5.96253824 6.79954243 9.02839088 9.29703331 9.54540062 9.89816666 11.24194527 13.36448574 10.4454174 8.6490612 9.52284145 6.85688877 10.07313824 24.86911392 37.97634506 39.12733841 17.5811367 7.66657543 15.73470116 18.61911392 23.03466797 29.57357597 35.84412766 37.44986725 31.37454605 20.79689217 14.95213318 12.96206951 9.88180542
13.81286144 12.94857788 13.5469656 13.51179218 12.92172146 11.08996201 8.6207962 6.57470512 6.68072319 10.64865303 15.54380894 19.63154602 24.87554359 28.39304924 19.15407372 4.86714268 28.37700844 33.2208519 22.12481689 11.62306213 7.56025124 7.92977428 8.50448513 8.61771011 7.65521097 6.07228231 5.24850893 5.13802862 6.92694569 10.36976719 10.8832159 10.98492622 9.60353088 8.84457874 11.81984806 12.11350632 9.19627476 6.30030251 7.5636754 7.48385572 17.24453163 30.12790108 37.41427231 26.85445976 7.17457438 3.7877171 8.40286446 10.16815281 12.53573036 24.04698563 33.04201126 30.90793228 23.28699112 19.25622559 16.83755112 12.4174099
11.51877213 13.27198219 15.65693092 17.26711655 17.97368813 15.46319866 12.30519104 9.4770155 7.31651449 7.42652941 10.93291855 14.08641624 19.57403755 29.25432014 29.29319382 8.27118587 21.01725197 34.02090073 28.97846031 20.8736496 15.79533768 14.18600273 13.0338726 11.69876671 10.56859493 7.84640837 4.9941783 4.53071165 6.92656088 10.44508839 11.58505917 11.08364773 9.15883827 9.60344124 10.56192207 7.41972971 8.38484478 10.51894569 6.18304968 8.05052471 10.83140755 19.40799332 29.47440529 28.62226677 17.33833504 7.44491005 1.73903167 4.04477882 13.10443211 24.03469467 27.51618958 21.38518906 13.35585976 12.53018188 14.40203381 15.14046001
5.89766788 9.65510845 13.84569454 14.98938656 18.04663086 19.62868118 16.80352592 14.18598557 12.54371262 11.96012402 11.55545902 10.52049637 11.64195251 20.69090462 28.87066078 22.76413536 4.72470808 24.8343544 30.94682693 30.14672852 25.10299873 21.17521095 19.0668869 16.34985161 14.49738407 11.80840206 7.84639072 6.24196196 7.16489935 9.16008949 10.01251888 10.23132038 10.22420692 10.14459229 8.80775642 6.87975264 7.56013823 9.7339859 10.5187664 8.80775642 10.27586842 14.48250484 21.56811714 23.79097939 19.70274925 11.29553318 1.25183487 7.40255165 17.11293793 26.26420021 27.60078239 20.79906273 15.65840054 14.45219326 14.46491528 12.75153732
16.0138092 15.36474991 14.59251213 12.8367548 4.87180281 11.6500473 16.17245293 16.11589622 15.81306362 15.46437454 15.48543072 15.40156651 15.04811096 15.19173717 18.55699348 23.85535431 12.49117947 3.13243842 12.25210762 23.17237854 27.32959557 27.02129173 25.80585861 24.10302162 21.98347855 18.81656075 14.58537865 12.14456844 10.3715992 9.28955173 8.58330059 8.17858028 8.7999754 10.51859093 10.70941639 9.55088902 8.33630276 8.00216293 7.06057739 10.02902699 10.68220997 10.44571781 15.93867588 18.92383575 20.13994217 15.82578468 6.21067762 6.72519445 19.89776802 28.79297638 28.17387581 17.52746582 9.88070393 8.61556053 9.88985538 9.9154768
14.98570347 18.35482407 19.60655403 21.05957985 19.03888702 10.89361 1.05184114 7.42023373 10.78880024 11.51046658 10.99375057 9.95835018 10.64654541 11.12634182 10.89428902 12.73298073 11.13711071 11.11180305 8.44137573 2.10163879 10.8611784 19.2123642 23.28894615 27.37158012 31.19396019 30.71451759 25.95254898 21.27583885 18.38362885 15.66600323 12.83188915 10.01301003 7.47630119 7.55130959 10.01796722 11.60791683 11.09771919 7.73863935 6.11599016 5.46533012 6.67841673 11.96491241 15.05054283 18.55981636 24.02108192 23.3924675 15.27588081 1.36307693 18.78297997 28.52470016 27.42807388 18.83490753 14.37218571 12.80336857 11.47928429 10.31947231
8.7996521 12.23830223 13.21850586 15.49143887 19.11805725 21.24839783 18.00850868 10.99971676 5.91765404 4.17471218 3.8590939 4.08009148 7.10582399 8.03583336 6.31658792 6.21052647 6.08164597 7.57702017 7.92110252 11.39008427 10.08580971 2.30209351 3.63138914 7.89760876 16.26763153 24.84776115 28.46635818 27.92524338 24.39686203 19.69247818 16.23154259 13.92969608 10.97335625 7.47125196 6.36098385 8.36255169 12.02035618 12.20818424 8.38420391 6.44035625 7.15062571 5.27962255 4.12737989 10.0934391 21.25819016 27.93876266 21.83272171 3.34893322 13.73890495 23.52324867 24.22925949 19.47278023 16.14736938 13.33106613 9.42984009 6.57044792
6.36091137 8.0416317 7.3626399 6.43041801 9.24700451 14.65666866 17.75649261 16.99123573 15.786273 14.41718864 12.92649841 11.51726818 11.81360817 12.91171551 12.5599184 12.2436676 11.9646616 8.99889278 5.9620347 8.04265594 9.90250492 7.92955303 5.80078936 5.46243143 4.04457188 3.08204651 10.21079636 16.16883659 21.09680367 21.5910244 18.49227905 16.11584282 14.585289 11.67873478 7.56368017 5.51999903 8.19095039 11.6513176 12.43659973 9.61189175 7.76405144 9.97964382 10.91713524 10.15969086 18.43948555 27.4761982 21.70368767 6.76260948 6.55176973 17.43023872 21.8802433 21.50120926 20.02372169 16.96360016 10.23061943 2.98101735
7.34837103 7.32095003 6.61005831 4.84111691 4.69734573 6.94892216 9.04776764 9.60231781 9.51541805 9.30263901 9.16586685 9.34456253 9.97009659 10.4301405 10.20013905 12.51009655 15.35907078 15.15883064 12.54251766 9.49445057 8.40620995 6.70067692 3.98439717 4.57906628 4.47527504 2.48415089 3.22016191 2.63097429 5.94849396 14.50120831 18.67388153 19.12434387 18.78628922 17.29763794 14.08280659 10.11823845 6.44032383 6.77624941 8.9102869 13.42582607 12.62217522 7.92760658 10.20013905 14.67970085 16.89080429 18.74250603 14.27825165 9.43977261 3.8833015 6.62015629 18.0477562 26.17701912 25.05849075 20.28547287 12.42075348 7.15062714
5.73836851 7.26781321 7.70509672 7.10166025 6.35251045 5.24837589 4.53852749 4.38488865 3.96602821 3.60002494 3.73104477 5.20367384 6.29984522 7.40699768 7.55979967 8.38031197 10.40734768 12.97517109 15.32272625 15.59859371 14.77299595 12.13620567 8.85645103 8.8281126 5.45574856 4.54022026 1.23153877 5.42405796 8.13720512 4.37530041 7.56368113 13.18833351 17.71084785 20.05455017 19.48690033 17.17667389 12.7050209 8.102355 4.5305481 6.72462368 11.12660599 15.83542538 15.45619392 9.04765415 7.41900778 9.58876228 11.20262337 12.2401123 12.05129051 8.24042511 5.21665335 22.78304482 28.71470833 25.82714653 18.8160305 14.98254585
9.2461071 10.6544466 10.28502369 9.2461071 8.72133446 8.37172985 7.17493248 5.19911671 3.4040997 2.51991439 2.39285636 3.11349726 3.38113379 3.56944108 4.62524509 5.83740711 6.31626797 7.16448116 10.04554176 14.23864937 18.10890388 18.07659531 15.76110077 16.82275391 10.01136208 3.97812963 6.42413282 6.80319118 8.0354023 6.46964216 5.31771469 4.53446484 7.65518904 13.22877407 17.42263222 19.59932137 19.16255379 16.7538414 12.52403736 7.17493248 3.79770327 8.42292404 14.19193077 16.5370636 15.64337158 13.14096737 11.32616806 10.44821739 11.57015038 14.47616291 8.052001 8.33578682 21.90508842 27.31721878 24.53714943 20.26770401
14.12439442 12.89646339 10.28883076 8.62076664 7.71246099 6.90628052 6.42367506 5.89204454 4.99418354 4.39545679 4.17467117 4.30397797 4.32684994 3.85833836 4.53843307 5.1918726 4.44997168 3.33894539 2.51781416 5.83732176 11.86819172 15.11054134 16.88180161 21.29130745 20.29936981 11.61690712 4.09175968 2.63085151 4.86639833 5.69693518 5.13755989 6.12000322 6.40140724 3.09115744 3.96070027 10.81285763 16.71238518 20.31920052 20.81433487 17.95957756 13.17686749 7.29523087 3.92111921 6.25831413 8.73086166 9.2585907 7.85985041 6.05120659 9.6112318 13.97755146 10.93125248 3.76466298 6.64002514 15.97173023 19.93832207 17.45605278
11.82335281 8.64112663 6.34185839 5.41051531 4.49336815 3.62573051 3.37795091 5.26368046 6.75590181 6.61143827 5.99222803 5.83931828 5.9469347 5.58459282 5.6656847 6.1992898 6.40136003 6.57439184 6.94645357 7.19267416 6.85594177 6.28141212 8.91333771 14.90418339 18.24965668 19.72785187 17.4752636 13.63124084 13.10888672 14.18583012 14.34503555 13.88821602 14.37980843 14.04399776 11.44083881 7.91740513 3.59986544 7.55968094 14.49058533 18.71803856 19.81348228 17.87701607 13.62378979 10.37154007 9.78202629 10.39765072 10.43292809 9.57122421 10.18452549 11.16038895 8.60482121 5.64689732 2.10343313 2.88776422 7.8419385 9.60204029
10.87714195 8.50422668 7.65518188 6.95650434 6.56876802 5.44030094 4.13095427 5.89157152 6.42367077 7.55216885 7.95948362 7.65518188 7.31641245 6.25943232 5.78369713 6.60821724 6.87923098 6.60821724 6.79736519 7.64474392 8.0222044 6.94644785 4.98898411 5.23075104 7.06080008 10.7643013 13.40498066 12.97606373 12.48382282 12.48382282 12.30509663 12.25705147 13.37128067 14.60857868 15.49053192 15.49053192 13.48371792 10.21735191 3.58672452 4.9408145 11.9729929 16.86822128 16.89857483 14.73671436 13.63122845 12.53055096 11.38101101 9.92351723 8.44074154 7.66932201 6.37875509 4.24980783 2.10339737 1.36557901 3.21678853 4.62086678
12.29847431 10.15953255 9.63171196 9.93147469 10.81660843 10.91550064 9.32637215 7.8461957 6.1640439 6.24190664 7.22328758 8.18783665 8.02481937 7.29439068 7.03116369 7.04441643 6.12159061 5.27929831 5.2802844 5.52780676 5.67133379 6.24190664 7.02512836 6.79443836 5.58457327 4.40586853 4.24973869 4.02034521 2.97102809 3.09103513 3.22916198 3.87901211 7.04544687 9.76637936 11.25588131 11.79845619 12.59912109 14.2042017 12.55187035 8.59492302 3.56919956 4.87948465 9.90941048 11.45051384 10.97335529 9.40474987 8.17291451 7.08239555 5.8115468 5.61574268 4.8268218 2.34848237 0.45519146 2.14560318 3.7259562 5.71313286
13.24566555 10.28487015 8.9397974 9.63171101 11.17707443 11.87434578 10.71813869 7.98132324 5.93384933 4.75299215 4.98894262 5.49211931 6.06440496 7.44366312 8.62075424 7.92139149 6.5044446 5.73827839 5.21077633 5.03279448 4.94419479 4.78546095 5.89837646 8.09525967 9.79026508 10.16814804 9.41922092 8.66189575 8.21265888 7.83495569 7.70064116 7.50686693 7.47590876 7.84992313 7.25541544 6.25788307 7.68185854 10.36953831 11.71997547 10.92047215 7.66498375 4.82675982 1.46638727 2.30209351 3.10879087 3.42909002 4.07823992 4.16305876 3.79751158 3.70919466 2.32995224 0.80916125 2.04582787 3.05894256 4.82675982 7.41838932
15.86113548 13.8716526 10.72392082 9.20837402 8.66188145 8.86489296 9.34431553 9.11170769 7.89745808 5.53769207 3.67410922 3.30476952 4.29111671 6.16334534 7.14289761 7.86626816 8.82774162 8.98833561 8.18783188 7.12947989 6.13414764 6.05526638 6.76623011 7.70598745 8.19338799 9.40473557 10.59328938 11.42615223 11.60150814 11.45050716 11.77949142 12.1288023 12.4837923 11.93427563 10.01281357 8.25675964 8.03889847 9.27285862 10.44277668 8.60423565 5.89637423 5.99426556 4.1449461 1.60832596 0.64014429 1.28028858 2.63064647 2.48112607 2.15454841 1.51516211 1.76554823 2.76647401 3.85822248 5.72025156 8.32604694 10.82903671
12.8395052 16.23159981 15.14640903 12.27154255 9.97780037 8.67635059 9.22859573 10.41056728 10.19349957 8.17281818 5.89203024 5.13374329 6.24448347 7.26189423 5.95926428 5.70331335 7.3114481 8.98668289 10.48638916 10.9415884 9.98837376 8.72795868 8.61625195 8.8680172 7.84185505 7.02193785 7.55610561 8.54982662 9.30757141 10.21142101 11.10389328 11.55117702 12.06861782 11.78406048 10.97335434 10.05782795 9.50590324 9.31315517 8.41522503 5.93413305 4.86595249 5.99416876 3.90653491 1.99472797 0.99355227 1.51513815 2.93267488 2.10325551 1.05162776 1.36556005 4.11997032 6.57425022 9.30229759 12.23124409 14.27129364 15.4191637
2.32453704 4.18586826 10.41054535 13.68207073 14.62285233 13.81402874 12.97344208 13.08640289 13.14476395 11.35803318 9.76641464 9.41921329 9.90931797 8.64851665 6.15838146 4.98305273 6.68359089 8.13587952 8.43397236 8.98833275 9.71889591 10.057827 10.01277828 9.08278179 7.93481684 7.02386189 7.03459454 7.02386189 7.02190399 6.79721022 6.35311747 6.57238197 6.80287933 6.48796654 6.95649624 7.4436636 7.57528353 7.06859159 6.12145138 5.72016859 6.00224304 6.02280521 3.24354386 1.60027087 0.91992003 0.64012337 1.98708045 2.76646137 4.68378544 7.52371168 10.19326115 12.69368172 14.72630692 16.30853844 16.5366745 16.53466034
12.31672192 12.12110519 5.89827871 0.49676406 6.24188089 10.70488453 13.0831089 15.52814579 18.05104828 17.42220306 15.20538902 14.34986591 13.71633434 12.01886463 10.5273695 10.37148952 11.35798836 10.88023663 8.62773895 7.50682163 7.5636878 7.59812164 6.5931592 5.13372564 4.80077744 5.44950867 6.11764908 6.24437809 5.4554019 4.5399456 4.35925722 4.71109438 4.87097359 4.71109438 4.98302698 5.64659834 5.97997618 5.64659834 5.70327663 5.89137983 5.00843668 3.24351573 1.13257861 0.26972052 0.9199127 2.27591729 4.17460442 7.59642553 11.81306839 14.35095501 15.71645927 16.31205559 15.85610104 15.40935135 14.95804596 15.20040131
9.06115913 12.80198193 12.92673492 11.81302452 9.51317692 6.4869771 4.01994276 4.04760933 9.62418938 14.73918819 16.08584785 15.78003311 14.85807514 14.5708847 15.37973213 16.27583122 15.64629459 13.09552193 10.38432217 8.62073803 7.28245592 6.1008873 5.02891207 4.18586874 3.85888004 5.46433973 5.57087708 4.57836056 3.22892785 3.38296676 4.78520918 5.3248868 5.5194335 5.3248868 4.64899254 4.11987925 3.67407131 3.72300816 4.07813072 3.17639875 1.36384201 0.4551819 1.61003315 2.73109126 5.00840425 6.79714823 9.06115913 12.50912762 14.53464317 15.18004036 15.85814571 15.89047527 15.64269829 15.40438843 16.08397293 17.91364861
7.55601978 9.51312828 10.65393734 12.00459576 12.91131592 13.59589767 13.24510288 10.4633503 6.81916666 2.71482134 6.50441551 9.59550571 10.52737331 11.06641102 11.39718151 10.98858929 9.79025555 8.90078068 8.37173939 7.6898675 7.03113413 6.68489075 6.90628052 7.4436636 7.49027252 7.71772957 6.34322834 4.3138361 3.17637992 3.9740169 5.07065821 4.69651937 4.57830143 4.12668705 3.30460811 2.98051262 2.14544773 1.83979654 1.49025631 0.26972064 1.83979654 3.92079949 5.88953972 8.40959644 10.87675095 12.25125694 13.60275269 14.76812172 14.60775948 15.08317661 15.70694065 15.85505962 17.45060158 18.85718536 19.5304203 18.8008461
6.85643625 7.25337029 7.48422527 8.4787159 9.05433941 10.23785114 11.28098202 9.84670067 9.97329617 11.42515945 8.30132198 3.73060751 2.14542532 1.36274123 2.3296802 3.13512039 3.47015262 4.18587017 4.87285995 5.2966423 5.90478945 6.32853985 6.61144733 7.01273775 7.330091 7.44598961 6.68488503 6.1008873 5.56456518 5.00696564 4.710958 3.83421278 4.38400221 3.84352708 2.63991642 2.39255404 1.65228772 0.49674609 0.91035742 3.00102282 5.51934624 8.27901936 10.48905277 12.47370815 13.81635857 14.2793169 14.50226879 15.17987728 15.88180542 17.09678268 18.69663239 20.16801834 21.07606125 19.38508987 15.44208813 10.32078362
4.07367229 4.2060833 3.84042406 5.18410397 7.04077768 8.86303329 8.38189602 6.9248085 7.53916311 10.03927231 10.48897934 10.15932846 9.56192589 8.46985149 8.1540699 7.35906935 5.08233738 2.75965118 1.13255537 0.64007068 1.61832416 2.83973694 3.26341748 3.42907786 3.97804809 4.76881027 4.49330854 4.33564425 4.18587017 3.86715126 3.85044503 3.64474249 4.71903038 3.97392035 2.32443452 1.40665817 0.49674004 3.48665166 6.11543703 9.06044292 11.33109188 12.70536804 13.66129971 13.89724541 13.87267303 13.82549095 14.95771503 17.24510193 19.49582481 20.61387253 20.65382767 20.29640007 16.53424835 10.32994556 4.94074678 -9999
4.78500748 4.08207321 3.70873094 4.86543226 7.04066324 7.96662521 5.86464977 5.34977245 5.86327362 7.05378532 8.17259312 8.50399017 8.86463165 8.17259312 8.60741997 9.96923733 9.96923733 8.15953827 5.98633862 4.98875284 3.85803795 2.28146935 1.36270189 1.75354648 2.73203754 2.63986015 1.13254952 0.91987658 1.41164005 2.11746001 2.72761464 3.73054051 4.29076195 2.81329036 0.70582002 2.8873899 7.32009506 11.35839558 13.37062645 14.08830452 14.27919197 14.26925755 14.05578804 13.63807392 13.68881512 14.60745239 17.15975189 19.67933464 20.77045059 18.80605888 15.62837505 12.73076153 5.67100096 -9999 -9999 -9999
