semi-distributed_model/wark_data/slope.asc~
ncols 220
nrows 118
xllcorner 5.916667
yllcorner 49.812500
cellsize 0.000833
NODATA_value -9999
[rows 75 to 99 of 118, columns 0 to 55 of 220]
-9999 -9999 -9999 -9999 -9999 2.57082129 4.58271837 8.7490263 16.83220863 19.08791924 8.96069622 12.47182941 21.27934265 20.83830261 17.67603493 17.92927742 18.55953407 16.96749878 13.50254917 9.61997986 7.89192486 7.79479694 7.30369568 7.8044796 9.02408028 9.89467812 7.94994736 7.28278303 8.08765316 11.24364471 11.41941547 5.03226042 11.32510376 19.67691422 18.31443787 14.34465313 13.03555107 13.46397591 12.16970348 8.1539917 5.99221325 5.80071974 7.76306295 12.13147926 15.35223866 14.32635784 13.58885956 13.48604012 12.40357685 10.4321022 6.94026089 5.83919382 5.9034071 6.35959244 8.46243858 11.05770493
-9999 -9999 -9999 -9999 -9999 -9999 -9999 7.54904604 14.38810539 18.77203369 17.93586922 9.07544327 15.44194412 21.75853729 21.7743187 21.73394203 20.74287796 18.2437706 15.39670467 13.08312321 10.86115932 8.29922962 6.36296654 5.29868793 6.40039158 9.08952141 8.9605484 6.30880547 6.20902586 8.70507431 10.59737587 9.09602356 7.70528507 19.20714569 18.17184448 13.73563194 10.67952442 11.52873421 11.47810555 8.86463547 6.86956692 5.83265305 7.16352749 12.89249897 14.0546627 8.94099712 6.79696131 8.80048466 11.33821106 11.1291275 9.44022942 7.8330183 6.15765762 5.92597818 7.29154396 8.03907776
-9999 -9999 -9999 -9999 -9999 -9999 -9999 -9999 12.91461945 15.93929386 17.91124153 14.91069698 9.35634613 14.08119392 18.1481514 18.35012245 17.94154739 17.53681755 17.22981644 16.37561607 14.68255234 12.20177078 10.1338644 7.71246386 5.66530561 5.89754772 7.17339134 9.63950634 8.7786541 7.81183004 11.49022293 13.48027229 5.45512533 19.45680046 17.3787632 13.2377615 11.39115334 11.96214104 11.32608986 10.21047783 7.92772484 4.83392668 5.38145351 10.88048935 11.69142437 7.31056166 5.22950077 6.27980471 6.18652058 5.33118248 6.75590944 7.33008718 7.42025471 6.76749706 4.53012848 3.13120198
-9999 -9999 -9999 -9999 -9999 -9999 -9999 -9999 11.67832565 13.23758984 13.32901192 13.55638695 13.58854771 6.27969694 3.08197331 4.58268023 5.21041679 6.19236994 8.91055775 11.88204193 13.73910236 14.34496689 14.71309757 14.5126133 12.04956722 7.49026251 2.90035415 5.1201458 9.15682793 10.76073933 14.83707619 17.78866959 4.04581356 19.04799271 16.73531151 11.88434792 11.82661057 13.61909771 13.63772678 12.29702377 9.72980118 6.64677858 5.49191332 8.42073917 9.7773037 7.6802187 5.74159479 6.57798147 6.67358351 4.38161516 0.49671009 0.74506515 1.8396951 3.22000265 4.04581356 3.47010851
-9999 -9999 -9999 -9999 -9999 -9999 -9999 -9999 -9999 6.54980326 7.35989952 11.15742683 12.73319912 10.46280766 9.56182861 8.87944317 9.17559719 9.99431896 8.01493645 3.09042287 2.30209351 5.12469816 7.73427248 10.79689693 13.99873924 14.9032011 12.5235672 9.30770969 9.09909248 12.11199665 17.06562996 21.00623894 6.61324549 17.68833351 16.84945107 12.29691696 10.01621056 10.28189754 12.70379448 13.5147953 9.9726944 8.04998684 7.49026108 8.41724014 8.84168625 8.65073776 6.85571146 6.26976204 5.57023907 2.79369426 2.96292853 4.13091707 5.08208466 4.71734667 3.11260366 4.33564425
-9999 -9999 -9999 -9999 -9999 -9999 -9999 -9999 -9999 0.80916297 4.78470564 9.64804745 9.58640671 7.7042141 7.523417 7.47112322 8.02203178 10.69793701 12.39686203 11.12464714 8.54958534 7.44588184 7.52559471 5.81072998 2.08542347 6.54472542 11.56698036 12.58529568 13.03345776 13.83621502 17.23945618 18.89079285 6.78783989 12.97130775 17.79532242 15.92378044 12.59769344 10.64887142 12.13084793 13.77818203 11.11021328 9.84605122 10.01447868 9.06111717 7.25087404 8.69221783 8.90921402 7.71579933 5.73805237 3.47009397 4.69594765 2.49431348 3.59890985 6.06124544 6.30838013 6.45707607
-9999 -9999 -9999 -9999 -9999 -9999 -9999 -9999 -9999 -9999 -9999 5.86394978 5.34920931 5.43792248 4.23083735 1.7533555 1.60798502 4.57771349 7.59379482 9.29697323 10.02724171 11.33817101 13.08595848 13.71250153 14.05523109 10.55721855 3.58588266 5.24420166 8.61365986 9.76100254 10.38096142 10.0243845 7.54850864 1.60012054 11.27877522 16.41415596 17.22154045 16.79496574 15.73260498 15.28809929 13.4689455 12.21982574 10.43647671 7.91285563 5.26369238 6.81098843 9.4884758 8.50043297 7.03109121 7.80212641 8.19295883 7.55960894 6.68992186 7.84096003 10.39547443 12.45618725
-9999 -9999 -9999 -9999 -9999 -9999 -9999 -9999 -9999 -9999 -9999 -9999 -9999 -9999 -9999 -9999 -9999 -9999 1.60796213 3.67395687 5.14164352 6.06434345 7.70054817 8.84689903 11.76134396 14.37761974 13.84240913 12.05706978 9.24439335 7.17167139 5.61458635 6.13682127 9.07917881 11.27868557 5.36645508 6.42363262 14.59163475 18.80524635 19.28926468 17.90240479 15.19237423 13.73903847 12.47242546 11.09786129 7.5557847 4.76864433 7.85711384 8.55100346 4.712924 5.29663658 8.96459961 9.75730133 10.01447868 12.07461262 13.92532253 13.7020092
-9999 -9999 -9999 -9999 -9999 -9999 -9999 -9999 -9999 -9999 -9999 -9999 -9999 -9999 -9999 -9999 -9999 -9999 -9999 -9999 -9999 -9999 -9999 2.98008084 4.5442543 8.16319656 10.82726383 13.79717159 14.6065321 13.40330982 10.73919296 9.1755476 9.24586868 12.45746899 16.66763115 12.8770504 3.43322206 9.74473476 16.30747986 19.02862358 17.59539795 15.54135227 15.21591473 15.02392006 11.82623005 6.68927288 3.0007515 4.87020206 8.75280476 8.19522285 2.59517121 2.56680226 7.25292492 12.15666199 14.13265324 12.69261837
-9999 -9999 -9999 -9999 -9999 -9999 -9999 -9999 -9999 -9999 -9999 -9999 -9999 -9999 -9999 -9999 -9999 -9999 -9999 -9999 -9999 -9999 -9999 -9999 -9999 -9999 2.73170757 7.21636772 11.21981716 11.23687744 10.77482796 10.91508293 9.62399387 9.97827244 15.35468388 18.62527847 15.83029652 5.45001888 4.0964365 10.21131325 14.65688896 16.19891739 16.36465073 16.26947021 14.80090618 10.45894527 5.94181108 2.51683021 4.52996492 10.31720734 10.4624691 8.5065279 8.92536354 11.69002056 12.46834755 8.94013405
-9999 -9999 -9999 -9999 -9999 -9999 -9999 -9999 -9999 -9999 -9999 -9999 -9999 -9999 -9999 -9999 -9999 -9999 -9999 -9999 -9999 -9999 -9999 -9999 -9999 -9999 -9999 2.51678729 6.98752689 6.22464323 4.12604046 4.53729582 5.56981421 7.17248297 10.96336842 14.38594532 16.26021767 12.40217113 4.94286346 2.10077548 5.141644 10.66614342 15.87735176 17.61368752 17.24008751 14.60059738 11.63431454 8.52771091 3.66846013 3.46182275 7.82857561 9.15591431 10.50925922 13.83973312 17.31351471 12.19243717
-9999 -9999 -9999 -9999 -9999 -9999 -9999 -9999 -9999 -9999 -9999 -9999 -9999 -9999 -9999 -9999 -9999 -9999 -9999 -9999 -9999 -9999 -9999 -9999 -9999 -9999 1.73831725 4.16232538 5.81787777 6.18572807 5.77403116 4.98260498 6.51699018 9.63833427 11.50100613 11.31584454 11.9047966 12.53738594 7.72586966 4.8130126 4.20515919 2.63760757 9.33399391 16.59216499 18.73598671 16.99991035 15.10624886 13.30994892 9.24525356 3.91651249 4.54403591 5.82222128 7.66275597 11.9140234 16.92207336 15.94735146
-9999 -9999 -9999 -9999 -9999 -9999 -9999 -9999 -9999 -9999 -9999 -9999 -9999 -9999 -9999 -9999 -9999 -9999 -9999 -9999 -9999 -9999 -9999 -9999 -9999 -9999 4.14357996 3.74683022 4.0727458 6.80747271 8.55922031 7.50032234 9.29665279 12.12999153 11.3003931 9.24387264 10.02720547 10.93872356 7.99676847 5.25636148 4.01880121 4.24811983 3.85862064 11.43457413 18.62460518 17.9299736 16.66391182 15.75666618 13.08536434 7.93396473 3.37795782 2.97005129 5.42815351 9.40747356 12.3911171 13.62445641
-9999 -9999 -9999 -9999 -9999 -9999 -9999 -9999 -9999 -9999 -9999 -9999 -9999 -9999 -9999 -9999 -9999 -9999 -9999 -9999 -9999 -9999 -9999 -9999 -9999 -9999 -9999 2.29761124 3.98236394 7.51133537 9.80848885 8.57561016 8.31519222 9.40117073 8.17455482 7.16961861 8.21839046 8.08709621 6.47657204 5.42135477 4.17898607 5.29763079 6.53413153 4.79287863 14.89950275 17.92976189 17.18503571 15.79258251 13.86565113 10.896945 6.57165718 4.8792634 6.54262161 7.66254473 8.2221117 8.44887161
-9999 -9999 -9999 -9999 -9999 -9999 -9999 -9999 -9999 -9999 -9999 -9999 -9999 -9999 -9999 -9999 -9999 -9999 -9999 -9999 -9999 -9999 -9999 -9999 -9999 -9999 -9999 -9999 -9999 6.46682596 7.71605015 9.36670208 9.48731041 8.4026413 8.53099346 8.4488945 7.58349895 6.34765959 5.99201679 5.93713045 5.03323221 5.84450817 6.49888754 2.29757166 6.35856771 14.55092335 18.19739342 16.59911537 14.18706703 13.08512306 10.19243145 7.8662591 7.49884224 6.37130594 5.4630847 5.35219145
-9999 -9999 -9999 -9999 -9999 -9999 -9999 -9999 -9999 -9999 -9999 -9999 -9999 -9999 -9999 -9999 -9999 -9999 -9999 -9999 -9999 -9999 -9999 -9999 -9999 -9999 -9999 -9999 -9999 4.80005026 4.71658039 6.06020832 6.67535114 8.13430691 10.82657337 11.87969589 9.57874393 6.70970821 6.07860231 6.56719828 6.1853776 6.32274389 6.1853776 5.06930542 1.66805196 6.85404491 15.92020798 18.59486389 16.62235069 16.30679512 15.28856182 11.86484051 7.98133039 4.60418749 3.88112068 4.46974325
-9999 -9999 -9999 -9999 -9999 -9999 -9999 -9999 -9999 -9999 -9999 -9999 -9999 -9999 -9999 -9999 -9999 -9999 -9999 -9999 -9999 -9999 -9999 -9999 -9999 -9999 -9999 -9999 -9999 -9999 2.59489274 3.13044977 2.72473335 4.7165103 9.7752018 11.51786995 10.27881336 7.68492174 5.93224764 6.31379509 6.8101306 7.04287291 6.30180931 6.32265091 5.41955614 1.85392773 7.05300188 14.63837433 16.75946426 16.62556076 16.8666687 15.50138187 12.68267441 8.17204762 5.09758806 5.22107553
-9999 -9999 -9999 -9999 -9999 -9999 -9999 -9999 -9999 -9999 -9999 -9999 -9999 -9999 -9999 -9999 -9999 -9999 -9999 -9999 -9999 -9999 -9999 -9999 -9999 -9999 -9999 -9999 -9999 -9999 -9999 -9999 -9999 4.94239759 8.4955349 8.55803967 8.07108212 8.16548347 7.70416212 7.17615128 7.3064146 7.53723907 6.70445204 7.41856956 7.68480873 5.49942207 2.29745388 4.30333948 9.52795696 11.79544449 13.41521835 15.40926456 16.98666954 15.71523571 12.62668037 11.08372021
-9999 -9999 -9999 -9999 -9999 -9999 -9999 -9999 -9999 -9999 -9999 -9999 -9999 -9999 -9999 -9999 -9999 -9999 -9999 -9999 -9999 -9999 -9999 -9999 -9999 -9999 -9999 -9999 -9999 -9999 -9999 -9999 -9999 -9999 5.8345542 5.00389814 4.22127151 6.05380821 7.91797495 7.91797495 8.25134373 8.34379673 7.2598052 7.91422606 8.77669144 7.4184742 5.71113205 3.13440323 0.68182158 4.30331945 7.0436511 10.01319695 13.74747181 16.84794807 16.78779411 15.00579739
-9999 -9999 -9999 -9999 -9999 -9999 -9999 -9999 -9999 -9999 -9999 -9999 -9999 -9999 -9999 -9999 -9999 -9999 -9999 -9999 -9999 -9999 -9999 -9999 -9999 -9999 -9999 -9999 -9999 -9999 -9999 -9999 -9999 -9999 -9999 -9999 -9999 2.55940056 4.71200371 5.93201208 7.20090532 8.09548664 8.09548664 8.52669239 8.6489687 7.59907913 7.09997845 6.05375385 4.46438932 1.98645663 1.07888615 3.37795949 6.07231474 9.4045496 11.77923679 12.48351192
-9999 -9999 -9999 -9999 -9999 -9999 -9999 -9999 -9999 -9999 -9999 -9999 -9999 -9999 -9999 -9999 -9999 -9999 -9999 -9999 -9999 -9999 -9999 -9999 -9999 -9999 -9999 -9999 -9999 -9999 -9999 -9999 -9999 -9999 -9999 -9999 -9999 -9999 1.98643255 3.34670329 4.78089952 5.8079977 7.53693581 8.64885044 8.40986252 7.25964403 6.85370588 6.85370588 6.43474579 5.2785368 3.58522773 2.71370435 4.08686352 4.98238182 6.48673391 8.17504215
-9999 -9999 -9999 -9999 -9999 -9999 -9999 -9999 -9999 -9999 -9999 -9999 -9999 -9999 -9999 -9999 -9999 -9999 -9999 -9999 -9999 -9999 -9999 -9999 -9999 -9999 -9999 -9999 -9999 -9999 -9999 -9999 -9999 -9999 -9999 -9999 -9999 -9999 -9999 -9999 3.33741236 3.37909579 5.44738436 6.69660187 6.92257881 6.51627684 6.48553848 7.34617615 7.25956297 6.70412827 5.93185425 4.96006727 6.11931944 5.42731524 2.48003364 3.08191085
-9999 -9999 -9999 -9999 -9999 -9999 -9999 -9999 -9999 -9999 -9999 -9999 -9999 -9999 -9999 -9999 -9999 -9999 -9999 -9999 -9999 -9999 -9999 -9999 -9999 -9999 -9999 -9999 -9999 -9999 -9999 -9999 -9999 -9999 -9999 -9999 -9999 -9999 -9999 -9999 5.13348341 4.5824399 4.95564985 4.82286406 4.2043786 3.66775489 4.20086145 6.07797575 6.56652975 6.67639923 6.42703485 6.42703485 7.04230213 6.43461323 6.00081158 5.0310874
-9999 -9999 -9999 -9999 -9999 -9999 -9999 -9999 -9999 -9999 -9999 -9999 -9999 -9999 -9999 -9999 -9999 -9999 -9999 -9999 -9999 -9999 -9999 -9999 -9999 -9999 -9999 -9999 -9999 -9999 -9999 -9999 -9999 -9999 -9999 -9999 -9999 -9999 -9999 -9999 -9999 6.59306812 6.689044 6.37192345 5.91678572 5.49159718 5.2106986 5.52578831 4.95992231 4.59443569 5.06847477 5.41895342 5.56124258 4.95560122 5.51821661 6.92029953
-9999 -9999 -9999 -9999 -9999 -9999 -9999 -9999 -9999 -9999 -9999 -9999 -9999 -9999 -9999 -9999 -9999 -9999 -9999 -9999 -9999 -9999 -9999 -9999 -9999 -9999 -9999 -9999 -9999 -9999 -9999 -9999 -9999 -9999 -9999 -9999 -9999 -9999 -9999 -9999 -9999 7.73417044 8.28066254 8.66143799 8.91801548 8.70094204 7.92131376 6.99477816 6.37190104 6.11898327 5.68915749 4.46417665 3.46114421 2.29717827 2.34737015 3.97267318
