semi-distributed_model/wark_data/slope.asc~
ncols 220
nrows 118
xllcorner 5.916667
yllcorner 49.812500
cellsize 0.000833
NODATA_value -9999
[rows 25 to 49 of 118, columns 56 to 111 of 220]
-9999 -9999 -9999 -9999 -9999 -9999 -9999 -9999 -9999 -9999 -9999 -9999 -9999 -9999 -9999 -9999 -9999 -9999 -9999 -9999 -9999 -9999 -9999 -9999 -9999 -9999 -9999 -9999 -9999 -9999 -9999 5.32031965 7.31708527 9.66244984 11.42897415 8.96806431 3.97622848 2.94967318 4.79382753 7.39031887 8.70136833 9.86769104 12.00729752 11.29387951 17.01156235 13.62042522 8.83918095 5.80271053 6.68658686 9.16202068 7.97996569 8.72842979 9.49134731 8.44948578 5.62917137 4.42863512
-9999 -9999 -9999 -9999 -9999 -9999 -9999 -9999 -9999 -9999 -9999 -9999 -9999 -9999 -9999 -9999 -9999 -9999 -9999 -9999 -9999 -9999 -9999 -9999 -9999 -9999 -9999 -9999 -9999 -9999 -9999 7.58065271 8.32735062 10.48186493 10.92715454 9.02993679 6.13900423 5.00986528 6.70411301 6.35434294 6.05743217 8.96159458 11.87082863 10.92560863 19.20907974 20.09590149 15.40536499 10.41146946 7.44661188 11.28742409 10.27840233 8.505023 12.38962555 10.26534367 5.76253605 4.49420261
-9999 -9999 -9999 -9999 -9999 -9999 -9999 -9999 -9999 -9999 -9999 -9999 -9999 -9999 -9999 -9999 -9999 -9999 -9999 -9999 -9999 -9999 -9999 -9999 -9999 -9999 -9999 -9999 -9999 -9999 5.67597342 7.53370857 7.40577507 8.69502449 9.8307972 8.71147633 5.94325495 5.71429491 6.70118809 7.27908039 7.06332541 8.53430653 10.3770628 6.9942894 8.98711491 19.07864189 22.9554081 22.71464729 19.97665596 18.86858368 15.77862167 12.72527122 16.83450508 12.98560238 6.48935938 3.96073914
-9999 -9999 -9999 -9999 0.74551564 1.89946663 3.13662624 2.98206258 -9999 -9999 -9999 -9999 -9999 -9999 -9999 -9999 -9999 -9999 -9999 -9999 -9999 -9999 -9999 -9999 -9999 -9999 0.87740099 1.7395364 3.84326553 5.2616086 6.09057999 6.68476868 6.6793251 7.09678316 7.95002127 8.86973667 7.74780512 6.07048702 6.13892555 7.76731634 10.53064251 13.84042454 15.73834324 16.62923622 14.00199604 4.69925499 8.98840046 18.68536949 23.02093124 21.10424232 15.19628334 15.61816311 18.57578278 13.6282196 6.08415651 2.26563597
-9999 -9999 -9999 1.65298498 3.88052583 5.56980848 6.56986618 6.35277224 5.72530127 5.39438009 5.45869064 5.45869064 5.45869064 5.22473097 5.62895966 5.71555138 4.33259344 3.09246469 2.32533479 2.49485064 2.56703639 2.37658668 2.72839427 2.94632936 3.85907865 4.53124905 4.79376698 4.49354649 4.07902527 5.07365465 5.35743189 5.86915302 6.26176119 6.50552607 6.14171219 7.35642767 8.60927486 10.10893154 11.3498764 11.45060253 11.10441399 12.69616699 14.7364502 16.99956131 20.53965759 20.9854393 18.67445755 13.23310947 10.58795357 12.17938328 15.00069809 21.98617363 19.80151749 12.87016487 5.02465916 1.3635906
1.61019278 2.72930312 3.60437369 4.31452847 5.62890625 8.34992313 9.68443203 9.06155586 9.17994404 9.30764771 9.68585587 9.49302292 8.50493717 7.52819347 6.73238087 7.10450983 6.68623781 4.84221601 3.52931309 3.91649175 4.72469568 5.29666376 5.64690113 6.40237284 7.50049496 7.39371824 6.06453133 4.45525599 3.429142 3.79885674 3.99170327 3.96800566 4.82743835 5.94508457 6.34444046 7.31226921 7.19312525 6.42373753 6.24207735 6.15913534 6.37377501 7.21984148 7.70851994 9.24982643 13.10836887 18.35527229 25.28321838 26.01094437 13.26582813 10.01783466 25.88711929 27.39531517 18.63382721 10.13903904 3.60156775 0.64052325
4.37680674 5.58490801 5.98017931 6.09561872 6.80432558 10.93383217 13.13003922 11.62145996 12.3165102 11.55579376 9.62473583 8.1579628 8.16869164 7.259233 5.20932436 5.32535982 6.36281633 5.45671892 4.87285662 5.80088949 7.03130436 8.0897398 9.06154728 10.36375904 10.81747913 8.64109993 6.19315338 4.09719658 2.99613214 2.27622008 1.75471997 1.73947334 3.05994296 4.04564905 3.63239527 3.67164135 3.76659608 3.23045063 4.80209637 6.13880873 6.60965014 7.16621304 6.9758811 7.31201887 9.37566757 13.98996639 23.72393036 30.81199455 21.91581917 8.41681671 31.63504219 29.53401947 17.47873688 10.0958271 8.17544556 9.62473583
6.11982775 7.02312183 7.50723219 7.5597949 7.76722145 12.32462883 15.59289646 13.89773464 10.82101727 10.60438919 8.04550266 7.40515614 9.02423954 7.59078646 4.38673258 3.42862988 6.76769924 10.01446629 12.04778194 13.53539848 14.67998791 14.66022778 13.74973106 11.86527157 8.13452816 5.92775679 6.07018042 3.88271189 3.01820397 2.31363034 1.15681517 0.92018121 2.59694648 4.5805974 6.27297926 7.70837975 8.92301464 10.19515228 11.35959148 12.56088924 14.24355793 13.37026978 10.81310368 8.75359154 6.40274858 9.88438797 20.49843979 30.25874329 27.16928482 3.88039589 26.46459198 32.96193695 25.91925049 21.55926704 20.77256584 21.54111481
9.52474308 10.16805172 9.50654793 8.93979836 8.91887379 13.86655521 17.85277367 15.51833439 8.30005836 15.19717979 11.06907845 7.5135951 7.77979326 6.86421824 4.583251 8.62895584 13.504179 17.97410011 21.10542297 21.50722504 19.37618446 15.5766592 10.56910896 5.2805562 4.18292427 5.01631975 3.84571958 3.62620473 3.7232585 3.85120749 3.17217588 2.56701899 4.04556608 6.43245029 8.66473961 9.6572237 9.85030842 9.0574131 7.89480591 9.6572237 12.8022995 12.52470684 12.95324707 10.28741264 6.35273743 5.93680763 15.66784 25.69134331 27.99957848 16.75420761 6.57521725 24.8381691 29.85682678 29.01496315 27.39637566 26.05738449
12.97352505 14.11372089 12.53177357 13.0069418 14.23895359 17.9685688 19.70042992 14.44187832 11.50270462 19.8579483 13.53047466 9.02897835 7.56011486 6.37360716 7.76444626 14.5261755 19.04192924 20.39480591 17.24169731 12.12957573 7.01656294 8.36570454 10.54277706 8.18094921 4.45160818 2.33115721 2.46309948 3.91649342 4.68403053 5.00959921 4.12097216 2.30209351 3.09225988 5.67529869 8.34829426 8.76985836 7.31595325 4.95133734 4.94626045 8.8598299 13.80584431 12.62657928 9.1664772 12.92682076 12.94338226 8.3612957 9.65432835 18.38406372 23.46553993 21.22770691 13.82065105 5.22288561 15.73247433 22.15129662 22.90660858 21.71339798
16.10360336 17.25245476 15.42198944 15.41061306 17.5275631 19.28243446 19.12069702 14.86851311 16.79961586 23.93782043 19.88219833 15.49416161 11.72139645 7.95657206 10.43150616 18.65719986 22.77853203 15.86379433 9.40916061 16.42005157 15.30559731 12.54503727 9.99392796 5.20902157 0.92015946 2.56701016 4.1287241 5.13402033 5.64686155 6.6822319 5.777215 2.56938934 0.83481526 3.83605766 7.45452595 9.57394886 9.64085865 8.43488884 8.43488884 10.80125046 16.6103363 20.83608627 14.85377502 6.12259865 13.0904026 14.942729 12.58139324 13.28916264 17.87833023 16.69630623 15.49636364 14.5562582 8.14056587 5.53781939 9.32635307 10.94155693
15.98926449 15.71057796 12.84128189 7.93903875 3.85891628 6.28420162 11.54250336 9.83971119 9.66811562 22.06071281 26.52975655 23.82216835 17.76953697 11.03633595 13.19392967 21.82675552 23.67327309 9.17994881 21.59109306 23.30700111 14.49843025 7.01833439 3.38249493 1.58606565 3.398314 4.99052525 5.44427681 3.69464636 4.43427277 5.99720287 5.59128046 3.26974297 0.9104721 1.67127752 4.65038252 7.03573608 7.73756552 7.73901272 7.95550394 9.64078426 15.01267433 21.14435577 22.99913216 17.58777428 7.14179325 8.82776737 12.68367481 14.62427044 15.84556484 13.0250864 12.042202 12.31995678 10.13113022 7.21945477 5.13401175 4.22727156
7.16585445 4.58030224 3.68057942 7.38929033 11.62105083 13.88839626 19.14629936 20.79936981 15.05678177 3.62613916 18.25645447 26.80395508 26.54772186 20.79705238 19.36662292 23.00475502 19.67928886 10.15258408 28.56668472 24.55157661 14.35447121 5.98691607 2.90043283 4.62721205 6.56960773 7.24927711 4.92619371 5.86835051 10.41773701 8.19766426 5.92755461 3.18664122 1.36570334 0 2.15555573 3.55040431 3.38243794 3.26969099 3.74971199 6.06345558 10.77777863 15.94929218 20.59139633 21.85123253 17.94488716 10.7055006 5.12359571 6.18427467 5.48611164 5.93649244 9.49646854 11.4429369 12.07643509 13.6239748 15.19627571 14.68281555
8.50476551 9.85238457 12.58829975 13.10919571 11.52009869 9.47701454 14.64404202 20.47372818 25.11527634 18.29990387 3.15643167 12.26959801 22.92097092 24.73133469 22.52634621 19.51657295 11.78092766 14.75763226 28.06925583 24.80213165 15.66814518 8.09071827 4.4552598 7.08371115 8.8491888 8.8658123 7.2912035 13.83960438 11.69925308 5.84962654 2.5187993 0.41738608 2.63179374 2.76041317 3.64560175 3.92185497 3.9763298 3.9763298 4.29236126 5.56588125 8.04418659 12.10720158 16.61038971 18.05358887 17.07421303 15.93454933 14.05926037 14.59064674 16.99744415 19.31314278 21.18365288 21.88150215 20.39718628 18.53343964 16.78829384 14.95869827
12.6573019 12.22199726 11.56798077 10.02231979 8.51919556 7.22332621 10.03269958 17.27399445 24.45556259 20.26132202 13.04069519 8.89121056 1.16256499 7.5636673 12.28819084 12.48406315 9.75751019 18.05241966 26.97110367 25.30986595 17.99350166 11.92887878 6.52686596 9.11485004 10.46308517 8.677104 11.89098644 18.57242584 11.09670734 6.88048267 6.54515886 6.52686596 7.06925869 6.03632641 4.68399429 4.08039618 4.60065174 5.28031254 6.1645155 6.40242434 6.6105504 8.9131031 11.83813667 13.60112095 14.38294983 15.64478779 16.71272659 17.80147934 18.88553238 19.29509544 19.33619308 19.3598156 16.80246544 12.56061649 11.19515514 14.2762022
9.4340868 8.45453548 8.09756947 7.06221104 6.59325171 6.1589365 9.27620983 17.05910492 20.65693474 18.11237526 17.87809944 19.45118904 19.1200676 14.19444561 7.85220528 6.46635485 7.98131466 18.04968452 28.96944809 29.71305466 23.98607635 18.16174316 11.4852829 9.74659157 11.47219276 8.86574554 15.0562458 20.66996956 12.84089375 11.45057487 13.3527422 14.03161907 12.14454746 9.09564877 6.79445744 5.45859146 5.21207333 5.56927776 5.69770813 5.62837696 5.08372974 3.7495389 5.5292325 9.74659157 13.2949419 14.53654194 13.71650791 13.36578178 12.84743404 11.87499142 12.47367191 15.11414623 13.7260561 11.80193424 13.77590466 15.78162098
2.48466182 2.51888728 3.68046379 2.9004252 3.47037983 5.20460367 9.54347515 14.34261227 16.08091545 17.80458641 18.67441368 18.81793785 21.37389183 19.06796646 16.21401215 16.33526993 11.01315784 5.14163733 20.43862534 29.98249626 30.69589424 25.88334274 17.67622948 10.28327465 10.58592415 10.84528255 14.7306881 22.85240555 19.77244377 19.28607178 19.02552605 17.17585754 14.33422184 11.38070202 8.7117691 6.16420364 3.96072292 3.05964899 3.38221192 5.23272085 3.50889444 0.91045618 1.73926318 3.60434246 6.03630352 8.410532 9.25554466 9.70990086 8.76836681 7.59813595 10.64800835 15.13658905 14.22117138 15.40490246 17.91199112 18.84119606
6.85824823 5.45098448 4.07572794 1.99548697 1.88803661 4.406703 7.60193062 11.10214996 13.29487038 12.88115978 13.1934185 16.60321045 19.48350906 18.9804821 18.00560951 20.23447609 20.05615425 14.28163338 1.88294363 14.98594189 27.68667603 31.28369331 25.78336143 17.32456779 12.77750301 14.76691818 14.50374126 22.79076767 24.18998528 20.06998444 15.73239422 13.82683659 13.65383434 11.52358341 9.48998356 7.01594353 2.98155785 0.99385262 2.71843338 6.68157005 6.35264397 3.64550352 6.35265923 7.55664062 6.07227612 3.91649628 2.48200154 2.28197765 3.3779459 4.09703875 9.04957485 12.90889549 15.69370365 20.39683914 24.65205193 28.11347961
7.30704784 8.13944435 6.63684082 4.37608814 3.88347983 4.92618322 6.42424488 7.14328432 7.95052719 8.81332874 10.81050301 14.46212292 16.84594536 18.65791702 19.57613182 20.61553574 21.53259087 21.53259087 19.39959717 9.49400997 9.6608448 25.25764084 31.37374115 27.4281311 23.33913612 23.24445534 20.5381813 18.50861168 18.30303001 13.31671238 9.05356026 8.4249897 10.76298523 10.93224525 10.75696754 9.58551979 5.59534693 3.43545175 0 6.67760181 10.52054691 9.76921272 9.25430584 12.95326233 14.55169773 13.04905891 10.89511585 7.01586533 2.49470282 1.89917827 2.97192049 5.90500116 9.74571419 12.70529938 13.68117428 14.03742981
10.90635395 9.89900684 7.9139843 5.28141308 4.09220123 2.96691537 2.8140831 3.98534751 5.4522109 5.86765146 6.12466335 8.28471851 11.30563068 14.35956097 16.83461952 17.90975952 19.22767639 20.42285728 22.88209152 21.76073647 13.63840199 6.25945187 20.38762474 25.60281754 24.9017868 22.24233437 15.41105747 17.8694973 20.49422646 17.00690079 10.1451683 4.33175516 4.33175516 9.54392815 13.4680891 13.46312618 11.55593872 10.86379814 10.0144701 10.64714146 12.32288361 11.50782585 9.65611935 9.29895401 10.67229939 14.84814072 16.0156002 11.6416769 6.99543953 6.21757269 5.53778267 5.21197891 4.37667084 4.53477716 5.52899551 4.0836587
10.12972355 7.1057148 5.0152874 3.83555889 3.41014624 3.1643157 5.38304853 7.67452574 9.91635227 9.06808281 6.09549046 3.88235497 5.0152874 8.79128551 12.20012856 13.79482555 15.30952644 17.7015152 19.41330528 21.92051697 22.41155052 15.62478352 3.74925089 9.41927242 13.54699421 11.67896557 16.4748497 28.34041786 25.32771683 17.95856285 8.59682846 2.90041757 4.2510767 6.68998861 13.74929619 17.75364685 17.35175133 16.04477882 13.9758482 10.65070152 8.89084721 8.28460693 8.32474995 7.30462122 3.67081642 7.76470995 16.84560585 15.76723194 11.96020889 10.82102394 10.371665 10.58772087 10.59331226 10.48643398 9.3225975 7.49031019
9.40770054 7.28352213 9.25553703 10.81298542 10.0131712 7.56367302 7.70191956 10.16241837 14.03126621 12.01871681 10.59331131 8.9883709 6.36924934 5.86515617 9.21681595 12.12954807 13.30058193 14.75469589 16.25421333 19.46953011 22.05710793 20.89923096 15.33126163 8.07659912 2.8882637 9.54278183 25.72551537 31.92592049 24.0058651 14.85344124 6.54514408 6.13461304 8.50377274 7.35497618 5.72527981 10.01484299 12.46390247 12.00606346 10.65169525 7.64500952 5.64677715 5.62805986 4.38577604 4.33495712 6.67920542 5.21834993 8.46601582 16.12826538 15.71996403 13.71647263 13.18646622 13.18847752 12.14855671 10.05785465 7.59813356 6.47327232
19.4647274 18.08262253 15.96263409 13.8329792 12.09108829 7.2834959 6.11623573 9.90392685 15.03397655 13.45065594 12.14455795 13.66897297 11.67892551 7.59813261 6.0241785 9.63243675 10.90386105 11.52619553 13.57108593 16.3458786 19.22821426 20.2888279 18.24735641 14.60231686 8.50187016 6.53835106 25.56147003 31.11120796 23.77454376 20.6458416 19.61151505 15.42491436 8.63103008 2.49510312 2.97175026 0.87714148 5.22247219 9.44172096 10.28425407 9.10437012 7.12359047 4.33564615 1.41169214 0.9668045 5.56518364 10.9458313 9.50619221 9.09564304 14.89183807 15.82615852 14.70480537 13.41107559 12.27204895 10.66776466 8.2218647 6.61142588
20.26963806 15.53368187 11.78635597 11.96579552 12.61454391 7.70725393 4.7934804 9.05290031 15.19345284 18.41968727 12.68780994 14.24584579 14.73522758 12.01861477 8.10234642 8.62521935 9.52181244 10.52553558 12.39903259 13.48686409 16.08074188 17.54586601 17.40705299 17.5603714 11.68791199 2.5669539 16.82993507 26.12812233 26.9865036 25.6695385 23.36987114 19.24134064 13.22945976 5.86725044 2.28188205 6.08851099 4.95803022 7.95640945 11.32682133 10.44488144 7.70725393 4.69798231 2.79509687 1.51559782 3.75582838 10.66285515 13.90019131 9.46769238 4.32722521 8.35511017 11.74197292 13.28537273 13.81801033 12.74604225 10.46998978 8.82775688
16.79355812 13.21957493 11.39097118 12.22643757 13.53499222 10.72779369 6.88101864 7.92169571 14.08711052 21.42064857 16.83887863 11.19531536 16.53621864 16.12808037 14.46767235 14.7047739 15.45508003 16.7838974 17.09947014 16.84773064 16.50462723 15.57812309 16.58421516 16.00379753 9.19732094 4.62709475 1.69087887 10.07532024 18.66298103 21.79030609 23.38336945 25.55062485 21.65668297 11.31882477 1.23154318 9.85204697 11.52581787 8.39335251 11.33202744 13.91275787 11.33725357 7.34116077 2.98130536 2.56694961 3.48738813 7.73077393 10.04616261 11.53259373 10.58511066 6.44040489 2.93357491 5.80272818 12.00725651 14.61001492 11.81396675 10.02227402
